num	num	num	num	num	num	num	num	num	num	num	num	class
1	20	1	0	4	0	1	0	0	4	17	61.04	No
1	24	1	1	2	0	1	0	1	2	25	43.73	No
1	22	1	1	1	0	1	1	1	3	29	74.57	No
2	20	1	0	4	0	1	0	0	1	6	47.55	No
2	18	1	0	3	0	5	0	0	5	21	25.38	No
2	19	1	1	1	0	1	1	1	6	19	52.73	No
1	20	1	0	4	0	1	0	0	3	11	57	No
1	19	1	1	2	0	3	0	0	5	23	59.38	Si
2	26	1	1	4	0	6	0	0	2	16	73.72	Si
2	23	1	1	1	0	1	1	1	5	28	60.22	No
1	118	1	0	1	0	2	1	1	1	5	0	No
1	18	1	0	3	0	4	1	1	6	19	50.45	Si
1	22	1	0	3	0	5	0	0	5	23	76.5	No
1	19	1	1	4	0	6	0	0	5	23	65.81	Si
2	21	1	1	1	0	1	1	1	4	19	49.06	No
2	21	1	0	1	0	2	1	1	3	22	70.36	No
1	26	1	0	4	0	7	0	1	1	16	74.77	Si
2	21	1	0	1	0	2	1	1	3	29	66.58	No
1	20	1	1	2	0	1	0	1	3	9	69.19	No
1	22	1	0	4	0	1	0	0	8	20	63.3	No
2	22	1	0	3	0	5	0	0	5	23	58	No
2	20	1	1	2	0	3	0	0	4	16	56.42	Si
2	20	1	0	3	0	5	0	0	5	23	52.35	No
1	118	1	0	4	0	1	0	0	1	0	0	No
1	23	1	0	3	0	5	0	0	4	27	61.85	No
2	27	1	1	2	0	1	0	1	1	16	80.76	Si
2	21	1	0	1	0	2	1	1	2	9	57.11	No
1	19	1	0	3	0	4	1	1	3	11	46	Si
2	24	1	0	4	0	7	0	1	2	21	82.13	Si
1	23	1	0	4	0	7	1	1	5	26	77	Si
2	20	1	1	2	0	1	0	1	3	12	62.7	No
2	18	1	0	3	0	4	1	1	5	21	29.13	Si
1	18	1	1	1	0	1	1	1	5	21	43.25	No
1	21	1	0	1	0	2	1	1	5	27	75.53	No
1	23	1	0	4	0	1	0	0	3	29	62.48	No
2	118	1	0	4	0	7	0	1	1	0	0	Si
1	25	1	0	4	0	7	1	1	3	12	58.65	Si
2	22	1	0	4	0	7	1	1	2	18	67.64	Si
1	32	1	0	3	0	4	1	1	2	5	68.63	Si
2	23	1	1	2	0	1	0	1	5	28	48.9	No
2	21	1	1	2	0	3	0	0	8	17	68.25	Si
2	21	1	0	1	0	2	1	1	8	20	66.85	No
2	18	1	1	1	0	1	1	1	5	21	41.56	No
2	19	1	0	4	0	1	0	0	4	17	59.07	No
2	20	1	0	4	0	7	0	1	2	12	47.6	Si
1	20	1	0	4	0	1	0	0	3	24	71.29	No
1	22	1	1	2	0	3	0	0	4	27	72.17	Si
2	23	1	0	4	0	1	0	0	2	12	39.88	No
1	21	1	0	4	0	7	0	1	1	5	54.44	Si
2	21	1	1	4	0	6	0	0	1	9	71	Si
2	18	1	1	4	0	6	0	0	5	21	50.67	Si
2	25	1	0	4	0	7	1	1	2	16	68.37	Si
1	22	1	0	3	0	4	1	1	5	26	90.12	Si
2	20	1	1	2	0	3	0	0	3	10	63.67	Si
1	25	1	0	3	0	5	0	0	3	13	54.33	No
2	21	1	1	2	0	1	0	1	3	21	67.4	No
2	19	1	0	4	0	7	0	1	4	15	70.82	Si
2	21	1	0	3	0	4	1	1	2	10	57.26	Si
2	24	1	0	3	0	5	0	0	4	27	55.83	No
2	26	1	0	3	0	4	1	1	18	82	33.8	Si
1	118	1	0	4	0	7	0	1	1	15	0	Si
2	21	1	0	3	0	4	1	1	8	19	69.21	Si
1	20	1	0	3	0	5	0	0	5	23	66.63	No
1	26	1	0	4	0	1	0	0	2	16	63.13	No
1	38	1	0	1	0	2	1	1	1	1	49.08	No
1	18	1	1	4	0	6	0	0	6	19	51.78	Si
2	19	1	1	1	0	1	1	1	3	12	72.38	No
1	20	1	0	3	0	4	1	1	5	27	63.64	Si
1	20	1	1	1	0	1	1	1	2	9	49.27	No
2	20	1	0	4	0	7	1	1	5	15	43.82	Si
2	20	1	1	1	0	1	1	1	3	13	46.9	No
1	19	1	0	1	0	2	1	1	5	23	54.93	No
2	28	1	1	2	0	1	0	1	1	3	79.91	Si
1	25	1	0	4	0	1	0	0	2	16	68.04	No
2	19	1	0	4	0	1	0	0	6	19	49	No
1	19	1	1	4	0	6	0	0	4	16	65.76	Si
2	22	1	1	2	0	1	0	1	3	12	58	No
1	19	1	0	4	0	1	0	0	1	5	54.58	No
1	36	1	0	3	0	5	0	0	2	9	43.15	No
1	18	1	0	4	0	7	0	1	6	19	43.82	Si
2	20	1	0	4	0	7	1	1	4	15	52.31	Si
1	21	1	0	4	0	7	1	1	8	19	71.52	Si
2	25	1	0	4	0	7	1	1	6	16	67.22	Si
2	23	1	0	3	0	4	1	1	8	19	69.91	Si
1	21	1	1	1	0	1	1	1	7	20	58.66	No
2	20	1	1	1	0	1	1	1	3	14	76.29	No
1	23	1	0	1	0	2	1	1	5	17	57.98	No
2	21	1	0	4	0	7	0	1	3	29	72.5	Si
1	20	1	0	3	0	5	0	0	5	19	57.64	No
2	24	1	1	2	0	3	0	0	7	22	79.25	Si
2	18	1	1	2	0	1	0	1	3	12	32	No
2	19	1	0	4	0	7	1	1	4	15	70.82	Si
2	24	1	0	4	0	7	0	1	7	20	57.42	Si
2	21	1	1	1	0	1	1	1	2	8	53.64	No
1	25	1	0	1	0	2	1	1	2	0	85.23	Si
2	118	1	1	2	0	1	0	1	1	0	0	No
2	22	1	0	3	0	5	0	0	7	18	69.05	No
2	23	1	1	2	0	3	0	0	3	24	79.4	Si
1	22	1	0	3	0	4	1	1	7	22	84.44	Si
2	36	1	0	3	0	5	0	0	7	22	64.41	No
1	22	1	0	1	0	2	1	1	3	17	65.59	No
2	19	1	0	1	0	2	1	1	4	16	70.88	No
1	20	1	0	4	0	7	0	1	1	4	62.09	Si
1	20	1	0	3	0	4	1	1	6	19	52.45	Si
1	24	1	0	4	0	7	1	1	3	9	51.39	Si
2	26	1	0	1	0	2	1	1	4	11	27.25	No
1	21	1	1	2	0	1	0	1	2	10	54.11	No
2	19	1	0	4	0	7	0	1	4	15	57	Si
1	18	1	1	1	0	1	1	1	5	21	38.33	No
1	24	1	0	4	0	1	0	0	2	8	53.33	No
1	20	1	0	4	0	1	0	0	3	10	79	No
2	20	1	0	4	0	7	0	1	2	8	63.5	Si
2	22	1	1	4	0	6	0	0	3	17	69.19	Si
2	19	1	0	4	0	7	1	1	5	21	46.89	Si
2	30	1	1	2	0	1	0	1	2	18	37.8	No
1	19	1	0	3	0	5	0	0	3	13	40.58	No
2	51	1	0	4	0	7	1	1	2	0	82.82	Si
2	22	1	0	4	0	7	0	1	1	12	69	Si
2	18	1	0	4	0	1	0	0	6	19	46.36	No
1	19	1	0	3	0	4	1	1	6	19	38.73	Si
2	118	1	0	1	0	2	1	1	1	10	0	No
1	22	1	0	3	0	4	1	1	7	22	84.02	Si
1	21	1	0	4	0	7	0	1	5	28	74.19	Si
1	28	1	1	1	0	1	1	1	1	3	0	No
2	21	1	0	4	0	7	1	1	5	23	48.36	Si
1	18	1	0	4	0	7	1	1	6	19	48.55	Si
1	47	1	1	2	0	1	0	1	1	6	79.31	Si
2	25	1	0	3	0	5	0	0	3	24	70.6	No
2	22	1	1	1	0	1	1	1	7	22	80.58	Si
2	21	1	1	2	0	1	0	1	3	10	56.5	No
2	24	1	0	3	0	4	1	1	4	15	55	Si
1	22	1	0	1	0	2	1	1	1	4	39.93	No
1	21	1	0	4	0	1	0	0	8	19	75.6	No
1	118	1	0	4	0	7	0	1	1	80	0	Si
2	24	1	0	4	0	7	1	1	3	13	24.86	Si
1	24	1	1	4	0	6	0	0	4	27	54.3	Si
2	118	1	1	2	0	1	0	1	1	0	0	No
1	118	1	1	1	0	1	1	1	1	3	0	No
2	25	1	0	4	0	7	1	1	1	5	77.04	Si
2	20	1	0	4	0	7	0	1	1	4	60.15	Si
1	23	1	0	3	0	4	1	1	4	25	79.17	Si
2	22	1	0	3	0	4	1	1	5	17	62.57	Si
2	24	1	0	4	0	1	0	0	3	12	67.17	No
2	19	1	0	4	0	1	0	0	5	27	75.74	No
1	18	1	0	4	0	7	1	1	5	21	43.56	Si
2	28	1	0	4	0	7	1	1	1	0	0	Si
2	30	1	0	4	0	1	0	0	1	5	78.65	No
1	22	1	0	4	0	7	0	1	2	13	63.51	Si
2	25	1	0	4	0	7	1	1	4	17	59.04	Si
1	28	1	0	3	0	5	0	0	2	16	65.76	No
2	25	1	0	3	0	4	1	1	3	9	68.12	Si
1	30	1	0	4	0	7	1	1	5	26	84.95	Si
1	42	1	0	4	0	7	1	1	2	9	63.67	Si
2	18	1	1	1	0	1	1	1	6	19	46.27	No
2	24	1	0	4	0	7	1	1	2	16	79.17	Si
2	22	1	0	3	0	4	1	1	4	15	41.24	Si
2	21	1	0	4	0	1	0	0	2	8	42.81	No
2	25	1	0	1	0	2	1	1	3	24	68.59	No
1	21	1	0	4	0	7	1	1	2	10	56.45	Si
2	32	1	0	1	0	2	1	1	3	37	75	No
1	20	1	0	4	0	7	1	1	6	19	55.56	Si
2	26	1	1	1	0	1	1	1	4	16	58.05	No
1	23	1	0	3	0	5	0	0	5	17	74.22	No
1	31	1	0	3	0	4	1	1	6	24	96.1	Si
2	19	1	0	3	0	4	1	1	4	19	50.56	Si
1	21	1	0	4	0	7	1	1	4	27	73.33	Si
2	23	1	1	2	0	3	0	0	5	26	87.46	Si
1	20	1	1	2	0	1	0	1	6	19	49.5	No
1	19	1	0	3	0	4	1	1	5	21	30.5	Si
2	22	1	0	3	0	5	0	0	6	10	68.29	No
2	118	1	1	2	0	3	0	0	1	10	0	Si
1	19	1	1	2	0	3	0	0	3	24	67.87	Si
2	20	1	1	2	0	3	0	0	2	9	53.35	Si
1	20	1	1	1	0	1	1	1	4	15	51.05	No
1	20	1	0	4	0	1	0	0	3	21	69.08	No
2	21	1	0	3	0	5	0	0	2	8	46.05	No
1	24	1	0	3	0	5	0	0	6	14	60.65	No
2	22	1	0	4	0	7	0	1	3	10	63.53	Si
1	22	1	0	4	0	7	0	1	1	12	59.75	Si
1	118	1	0	3	0	5	0	0	1	10	0	No
1	22	1	0	3	0	5	0	0	2	25	70.68	No
1	32	1	0	1	0	2	1	1	2	7	56.67	No
1	24	1	0	3	0	4	1	1	3	24	73.21	Si
1	29	1	1	4	0	6	0	0	8	20	65.83	Si
1	18	1	1	2	0	3	0	0	3	10	31.43	Si
2	23	1	0	1	0	2	1	1	2	16	69.85	No
1	45	1	0	3	0	5	0	0	4	16	80.75	Si
2	22	1	0	1	0	2	1	1	5	23	71.81	No
2	24	1	1	1	0	1	1	1	1	1	78.82	No
2	23	1	0	1	0	2	1	1	1	0	84.89	Si
2	22	1	0	4	0	1	0	0	2	13	73.08	No
1	23	1	0	1	0	2	1	1	8	19	71.09	No
2	22	1	0	3	0	4	1	1	4	15	60.67	Si
1	19	1	1	2	0	3	0	0	3	12	62.27	Si
2	23	1	1	2	0	3	0	0	5	21	46.48	Si
2	23	1	0	3	0	4	1	1	5	14	74.66	Si
2	19	1	0	3	0	4	1	1	3	15	59.17	Si
1	26	1	1	2	0	3	0	0	2	8	86.17	Si
1	21	1	0	3	0	4	1	1	2	11	50.71	Si
1	23	1	0	4	0	7	1	1	2	16	75.09	Si
2	22	1	0	3	0	5	0	0	3	12	57	No
2	20	1	0	4	0	7	1	1	2	12	51.47	Si
2	25	1	0	3	0	5	0	0	2	11	63.21	No
1	19	1	0	1	0	2	1	1	3	12	52.45	No
1	21	1	1	2	0	3	0	0	5	16	67.63	Si
2	21	1	1	2	0	3	0	0	5	28	72.92	Si
2	19	1	0	4	0	7	0	1	2	8	54.69	Si
2	23	1	1	4	0	6	0	0	1	12	65.96	Si
2	21	1	0	4	0	1	0	0	3	24	73.35	No
1	18	1	1	4	0	6	0	0	6	19	52.67	Si
1	20	1	1	1	0	1	1	1	3	24	68.42	No
1	19	1	1	1	0	1	1	1	2	12	63.91	No
2	20	1	0	1	0	2	1	1	4	27	75.42	No
2	118	1	0	4	0	7	1	1	1	5	0	Si
2	38	2	0	3	0	4	1	1	1	0	0	Si
2	19	1	0	3	0	4	1	1	1	4	61.8	Si
1	118	1	0	4	0	7	0	1	1	0	0	Si
2	118	1	0	4	0	7	0	1	1	5	0	Si
2	23	1	1	4	0	6	0	0	4	16	71.53	Si
1	26	1	0	3	0	4	1	1	2	21	73.76	Si
2	118	1	0	3	0	4	1	1	1	15	0	Si
1	22	1	1	4	0	6	0	0	7	20	59.88	Si
2	118	1	0	4	0	7	0	1	1	0	0	Si
1	21	1	1	4	0	6	0	0	3	24	54.4	Si
1	19	1	0	4	0	7	0	1	5	21	44.89	Si
2	20	1	0	3	0	5	0	0	4	15	53.84	No
2	20	1	0	4	0	1	0	0	1	4	58.25	No
2	118	1	0	4	0	7	0	1	1	80	0	Si
1	27	1	0	4	0	7	1	1	1	5	75.29	Si
1	23	1	0	4	0	7	0	1	4	27	68.85	Si
2	22	1	0	4	0	7	0	1	3	10	57.81	Si
1	35	1	1	1	0	1	1	1	4	16	78.88	No
2	25	1	1	4	0	6	0	0	5	26	79.75	Si
2	22	1	0	4	0	7	1	1	8	31	59.55	Si
2	20	1	0	3	0	5	0	0	4	16	66.29	No
2	24	1	0	3	0	5	0	0	1	80	72.26	No
1	19	1	0	3	0	4	1	1	5	23	62.2	Si
2	24	1	0	4	0	7	0	1	2	16	74.72	Si
1	22	1	1	4	0	6	0	0	7	22	85.78	Si
2	26	1	0	3	0	4	1	1	4	15	66.06	Si
1	23	1	1	2	0	3	0	0	8	19	66.56	Si
2	20	1	0	3	0	5	0	0	4	17	48.45	No
2	18	1	0	3	0	4	1	1	3	13	38	Si
1	20	1	1	1	0	1	1	1	2	7	79.2	Si
1	39	1	0	4	0	7	1	1	1	0	65.44	Si
1	22	1	1	1	0	1	1	1	4	27	66.07	No
2	20	1	1	1	0	1	1	1	5	23	58.67	No
1	21	1	0	1	0	2	1	1	2	8	64.6	No
1	20	1	0	1	0	2	1	1	4	15	77.65	No
2	24	1	0	1	0	2	1	1	3	24	69.69	No
2	25	1	0	4	0	7	0	1	1	16	71.02	Si
2	22	1	0	4	0	7	1	1	8	20	65.47	Si
2	21	1	1	4	0	6	0	0	3	14	61.67	Si
2	22	1	1	2	0	3	0	0	5	28	67.54	Si
1	19	1	1	2	0	3	0	0	3	12	57.09	Si
1	32	1	0	3	0	4	1	1	5	26	71.02	Si
1	118	1	1	2	0	3	0	0	2	0	0	Si
2	23	1	0	4	0	1	0	0	5	23	74.55	No
1	29	1	0	4	0	7	0	1	2	16	39.46	Si
1	18	1	1	4	0	6	0	0	5	21	49.78	Si
1	28	1	0	3	0	4	1	1	1	0	44.29	Si
1	18	1	1	4	0	6	0	0	6	19	50.91	Si
2	22	1	1	2	0	1	0	1	2	8	36.82	No
1	35	1	1	4	0	6	0	0	1	0	0	Si
2	118	1	0	3	0	5	0	0	1	0	0	No
1	40	1	0	3	0	5	0	0	4	16	48.13	No
2	21	1	1	1	0	1	1	1	1	5	70.5	No
1	24	1	0	3	0	5	0	0	5	16	80.49	Si
1	23	1	0	3	0	5	0	0	1	6	65.57	No
2	23	1	1	2	0	1	0	1	3	29	52.52	No
2	32	1	0	1	0	2	1	1	6	24	77.31	No
1	23	1	0	4	0	7	0	1	5	26	79.62	Si
1	19	1	0	4	0	7	0	1	6	19	47.73	Si
2	25	1	1	1	0	1	1	1	7	18	70.74	No
1	118	1	0	4	0	7	0	1	1	30	0	Si
1	33	1	0	4	0	7	1	1	2	8	72.56	Si
2	34	1	0	4	0	1	0	0	1	0	0	No
1	18	1	0	4	0	1	0	0	6	19	43.22	No
2	21	1	0	4	0	7	1	1	2	18	58.7	Si
1	26	1	0	1	0	2	1	1	2	16	80.09	Si
1	24	1	0	3	0	4	1	1	1	16	84.62	Si
1	118	1	0	3	0	5	0	0	5	6	0	No
2	22	1	0	4	0	7	1	1	7	22	84.38	Si
1	24	1	0	4	0	7	0	1	3	2	64.97	Si
1	21	1	0	3	0	5	0	0	4	15	57.52	No
2	21	1	0	4	0	7	0	1	4	15	53.89	Si
1	118	1	0	4	0	1	0	0	1	3	0	No
1	24	1	0	4	0	7	0	1	8	30	76.37	Si
2	21	1	0	4	0	7	0	1	5	28	71.97	Si
2	20	1	0	4	0	1	0	0	3	11	45.17	No
2	23	1	0	4	0	7	1	1	1	10	74.26	Si
1	118	1	0	4	0	7	0	1	1	0	0	Si
2	19	1	0	3	0	5	0	0	3	13	60.39	No
2	19	1	0	3	0	5	0	0	4	16	52.39	No
2	36	1	0	3	0	4	1	1	1	0	0	Si
1	19	1	0	4	0	1	0	0	5	21	52.29	No
1	20	1	1	2	0	3	0	0	6	19	49.33	Si
1	20	1	1	4	0	6	0	0	3	24	69.76	Si
1	36	1	1	4	0	6	0	0	1	30	70.43	Si
1	23	1	0	3	0	4	1	1	7	18	70.04	Si
2	21	1	1	4	0	6	0	0	3	17	70.61	Si
1	20	1	1	2	0	1	0	1	3	12	64.55	No
1	22	1	1	2	0	3	0	0	3	29	56.35	Si
1	20	1	1	2	0	1	0	1	3	12	59.69	No
2	19	1	1	1	0	1	1	1	2	9	50.5	No
1	21	1	0	1	0	2	1	1	3	10	54.46	No
2	25	1	1	2	0	3	0	0	8	19	71.74	Si
2	21	1	1	2	0	1	0	1	2	18	70.4	No
2	20	1	0	3	0	4	1	1	4	13	36.08	Si
1	21	1	1	1	0	1	1	1	6	20	77.2	No
1	18	1	0	3	0	5	0	0	6	19	29.89	No
2	22	1	0	3	0	5	0	0	1	4	74.21	No
2	38	1	0	4	0	1	0	0	5	28	71.42	No
2	21	1	0	4	0	1	0	0	1	9	69.89	No
2	27	1	1	1	0	1	1	1	4	12	37.9	No
2	18	1	0	3	0	5	0	0	5	21	44.44	No
1	20	1	0	4	0	1	0	0	4	15	50.69	No
1	19	1	1	1	0	1	1	1	6	19	46.91	No
2	24	1	0	1	0	2	1	1	3	21	74	No
2	22	1	0	1	0	2	1	1	6	31	60.51	No
2	26	1	1	4	0	6	0	0	2	21	81.94	Si
1	23	1	1	2	0	3	0	0	5	26	81.09	Si
2	23	1	1	4	0	6	0	0	5	23	69.87	Si
1	26	1	0	3	0	4	1	1	1	5	47.13	Si
2	22	1	1	1	0	1	1	1	3	12	43.9	No
2	19	1	0	4	0	7	0	1	3	9	40.83	Si
2	23	1	0	3	0	4	1	1	5	21	43	Si
1	19	1	0	4	0	7	1	1	4	16	62.35	Si
1	23	1	1	2	0	3	0	0	3	24	75.91	Si
2	25	1	1	1	0	1	1	1	1	4	46.5	No
1	27	1	0	4	0	7	0	1	2	15	68.63	Si
1	22	1	0	4	0	1	0	0	4	27	67.13	No
2	23	1	1	2	0	1	0	1	5	23	70.5	No
2	118	1	0	3	0	4	1	1	2	25	0	Si
1	21	1	1	4	0	6	0	0	3	12	49.62	Si
1	20	1	0	3	0	5	0	0	4	15	56.68	No
2	21	1	1	2	0	3	0	0	4	15	57.04	Si
1	18	1	0	1	0	2	1	1	6	19	51.27	No
2	20	1	0	3	0	5	0	0	6	19	53.82	No
2	19	1	0	3	0	4	1	1	4	15	48.14	Si
1	18	1	0	4	0	1	0	0	6	19	48.56	No
2	24	1	0	1	0	2	1	1	5	26	83.6	Si
2	19	1	0	1	0	2	1	1	6	19	69.57	No
1	24	1	1	1	0	1	1	1	1	4	55.11	No
2	25	1	1	1	0	1	1	1	2	21	80.72	Si
2	25	1	1	4	0	6	0	0	5	23	69.5	Si
2	19	1	1	2	0	3	0	0	3	17	52.47	Si
1	22	1	1	4	0	6	0	0	6	20	71.13	Si
2	20	1	0	4	0	7	0	1	5	27	53.79	Si
2	21	1	0	1	0	2	1	1	2	19	70.42	No
1	24	1	1	2	0	3	0	0	3	14	57.24	Si
1	20	1	1	4	0	6	0	0	6	18	68.11	Si
1	21	1	0	1	0	2	1	1	3	24	57.03	No
2	21	1	0	1	0	2	1	1	3	24	70.3	No
1	36	1	1	1	0	1	1	1	1	0	52.89	No
2	25	1	1	2	0	1	0	1	8	30	72.49	No
1	23	1	0	4	0	7	1	1	5	28	64.03	Si
2	21	1	0	3	0	5	0	0	5	27	65.83	No
2	27	1	0	4	0	7	0	1	1	0	81.33	Si
1	30	1	1	4	0	6	0	0	4	16	79.98	Si
2	20	1	1	2	0	1	0	1	6	19	71.5	No
1	19	1	0	4	0	1	0	0	4	15	65.17	No
2	118	1	1	2	0	3	0	0	1	3	0	Si
1	20	1	1	4	0	6	0	0	4	27	73.42	Si
2	19	1	1	2	0	1	0	1	5	21	44.25	No
1	118	1	0	3	0	5	0	0	1	5	0	No
1	28	1	1	2	0	1	0	1	3	29	52.84	No
1	21	1	1	4	0	6	0	0	3	24	68.87	Si
1	21	1	1	2	0	3	0	0	4	17	57.68	Si
1	26	1	1	2	0	3	0	0	5	23	43.91	Si
1	21	1	0	4	0	7	0	1	7	16	75.06	Si
2	18	1	0	3	0	5	0	0	6	19	50.45	No
1	19	1	0	3	0	4	1	1	3	11	55.25	Si
1	24	1	0	3	0	5	0	0	2	16	66.12	No
2	24	1	0	4	0	7	0	1	1	10	58.88	Si
2	21	1	1	1	0	1	1	1	4	16	44.66	No
2	18	1	1	4	0	6	0	0	6	19	29.6	Si
2	34	2	0	4	0	7	0	1	3	12	49	Si
2	23	1	1	2	0	3	0	0	5	28	71.68	Si
2	19	1	1	4	0	6	0	0	3	17	73.36	Si
1	22	1	0	4	0	1	0	0	7	18	69.11	No
1	18	1	0	4	0	1	0	0	5	19	35.45	No
2	27	1	0	4	0	7	0	1	1	8	59.85	Si
1	22	1	0	3	0	4	1	1	7	22	89.65	Si
2	19	1	0	3	0	4	1	1	6	19	49.91	Si
1	21	1	1	2	0	3	0	0	5	28	75.75	Si
1	18	1	0	4	0	7	0	1	4	13	26.89	Si
1	25	1	1	1	0	1	1	1	3	29	35.52	No
1	19	1	0	4	0	7	0	1	1	5	49	Si
1	21	1	0	3	0	5	0	0	1	5	57.07	No
2	24	1	0	3	0	5	0	0	1	16	82.53	Si
1	21	1	0	3	0	5	0	0	4	16	57.76	No
2	19	1	0	4	0	1	0	0	6	19	46	No
2	25	1	1	1	0	1	1	1	3	29	66.49	No
2	23	1	1	1	0	1	1	1	8	19	66.8	No
2	21	1	0	4	0	1	0	0	5	27	65.04	No
2	24	1	0	4	0	7	1	1	3	7	70.07	Si
1	42	1	0	4	0	7	0	1	3	16	62.82	Si
2	20	1	0	4	0	1	0	0	4	17	53	No
2	23	1	1	2	0	3	0	0	5	18	48.59	Si
2	19	1	1	2	0	1	0	1	6	19	52.5	No
2	28	1	1	2	0	3	0	0	2	6	83	Si
1	22	1	0	1	0	2	1	1	5	26	90.12	Si
1	19	1	1	1	0	1	1	1	4	16	67.18	No
2	118	1	0	3	0	4	1	1	2	0	0	Si
2	20	1	0	4	0	7	1	1	5	23	64.29	Si
2	23	1	1	4	0	6	0	0	3	10	54.59	Si
2	25	1	0	4	0	1	0	0	1	16	78.86	No
1	19	1	1	1	0	1	1	1	4	15	70.88	No
1	19	1	1	2	0	1	0	1	7	25	42.53	No
2	24	1	0	1	0	2	1	1	3	24	74.13	No
1	18	1	0	1	0	2	1	1	5	21	48.78	No
2	21	1	1	2	0	3	0	0	4	16	46.83	Si
1	20	1	1	2	0	1	0	1	3	11	64.08	No
1	32	1	1	2	0	3	0	0	1	0	0	Si
1	21	1	0	1	0	2	1	1	1	9	67.81	No
2	18	1	1	1	0	1	1	1	3	10	46.2	No
2	25	1	0	3	0	5	0	0	5	21	0	No
1	31	1	0	1	0	2	1	1	1	3	77.67	No
2	25	1	1	1	0	1	1	1	1	16	82	Si
2	25	1	0	1	0	2	1	1	2	9	50.29	No
1	18	1	0	4	0	7	0	1	6	19	53.89	Si
2	22	1	1	2	0	1	0	1	5	23	71.42	No
2	47	1	0	4	0	7	0	1	3	23	69.93	Si
2	118	1	0	4	0	7	0	1	1	5	0	Si
2	18	1	1	2	0	3	0	0	6	19	56.56	Si
2	20	1	0	4	0	7	0	1	3	14	58.69	Si
2	19	1	1	2	0	1	0	1	6	19	51.18	No
2	21	1	1	1	0	1	1	1	3	13	29.55	No
2	21	1	0	4	0	7	1	1	4	27	59.15	Si
2	21	1	1	1	0	1	1	1	3	10	40.71	No
2	20	1	1	2	0	1	0	1	4	16	88.38	Si
1	18	1	1	2	0	3	0	0	5	21	46.71	Si
2	30	1	1	2	0	3	0	0	1	16	77.28	Si
1	20	1	0	4	0	7	1	1	2	15	69.22	Si
2	21	1	0	4	0	1	0	0	4	25	63.33	No
1	26	1	0	4	0	1	0	0	1	5	81.43	Si
1	118	1	1	1	0	1	1	1	1	0	0	No
1	23	1	1	2	0	1	0	1	5	13	63.33	No
1	22	1	0	4	0	7	0	1	4	17	55.72	Si
2	19	1	0	4	0	7	1	1	3	9	71	Si
2	21	1	1	2	0	3	0	0	3	17	67.67	Si
2	19	1	1	2	0	1	0	1	5	17	71.9	No
1	22	1	1	4	0	6	0	0	4	14	51.21	Si
1	23	1	0	1	0	2	1	1	5	13	75.19	No
1	20	1	0	3	0	4	1	1	3	10	63.63	Si
1	24	1	0	1	0	2	1	1	4	17	37.5	No
1	21	1	1	2	0	3	0	0	4	16	60.1	Si
1	21	1	0	1	0	2	1	1	4	27	70.34	No
2	27	1	0	3	0	4	1	1	1	0	89.57	Si
2	22	1	1	2	0	1	0	1	4	13	55.74	No
1	18	1	1	2	0	1	0	1	6	19	51.82	No
2	28	1	0	4	0	1	0	0	3	29	59.59	No
1	22	1	0	3	0	4	1	1	5	26	87.51	Si
2	19	1	0	4	0	7	0	1	5	21	48.33	Si
1	31	1	0	4	0	7	0	1	5	16	62	Si
2	23	1	0	3	0	5	0	0	2	10	57.48	No
2	21	1	0	4	0	7	0	1	4	27	69.77	Si
1	19	1	1	1	0	1	1	1	2	16	68.55	No
1	26	1	1	2	0	3	0	0	4	16	79.67	Si
1	28	1	1	1	0	1	1	1	1	3	81.66	Si
1	20	1	0	4	0	1	0	0	5	23	59.88	No
2	20	1	1	4	0	6	0	0	8	31	26.15	Si
2	23	1	1	2	0	3	0	0	1	6	58.65	Si
2	20	1	0	4	0	7	0	1	4	15	59	Si
1	19	1	0	4	0	7	0	1	5	21	49.13	Si
2	19	1	1	2	0	3	0	0	6	19	50.64	Si
1	21	1	1	2	0	1	0	1	1	9	67.31	No
1	21	1	0	1	0	2	1	1	7	20	56.66	No
2	22	1	0	3	0	5	0	0	2	12	60.43	No
1	20	1	0	4	0	7	0	1	3	14	60.04	Si
1	17	1	0	3	0	4	1	1	6	19	63.88	Si
2	19	1	1	1	0	1	1	1	6	19	47.82	No
2	37	1	0	4	0	7	0	1	4	16	71.27	Si
2	21	1	0	1	0	2	1	1	4	27	66	No
2	17	1	0	3	0	5	0	0	5	21	33.75	No
2	21	1	0	4	0	1	0	0	3	12	63.2	No
1	23	1	1	4	0	6	0	0	4	9	66.93	Si
2	118	1	1	1	0	1	1	1	1	0	0	No
1	21	1	0	4	0	7	0	1	3	24	58.07	Si
2	19	1	0	4	0	1	0	0	1	4	42.2	No
1	22	1	1	2	0	1	0	1	8	19	75.45	No
2	21	1	1	4	0	6	0	0	7	20	62.47	Si
1	29	1	1	1	0	1	1	1	2	16	80.32	Si
1	24	1	0	3	0	5	0	0	2	15	60.04	No
2	118	1	1	2	0	1	0	1	1	5	0	No
1	22	1	1	2	0	1	0	1	5	18	50.2	No
2	22	1	0	1	0	2	1	1	4	17	56.29	No
2	118	1	0	4	0	7	0	1	1	15	0	Si
1	118	1	0	4	0	7	1	1	1	5	0	Si
2	118	1	0	1	0	2	1	1	1	0	0	No
1	20	1	1	1	0	1	1	1	3	13	55.07	No
2	19	1	0	4	0	1	0	0	3	9	58.94	No
1	19	1	0	3	0	5	0	0	4	15	59.42	No
1	20	1	1	1	0	1	1	1	4	16	67	No
2	26	1	0	3	0	5	0	0	2	16	61.96	No
2	25	1	0	4	0	7	0	1	3	24	71.84	Si
2	18	1	0	4	0	7	0	1	6	19	48.73	Si
2	31	1	0	1	0	2	1	1	2	0	84.67	Si
1	26	1	1	2	0	3	0	0	8	30	69.12	Si
2	19	1	1	2	0	1	0	1	5	27	74.42	No
2	23	1	1	2	0	3	0	0	5	23	49.79	Si
2	23	1	1	1	0	1	1	1	2	15	60.4	No
2	22	1	1	1	0	1	1	1	3	23	64.56	No
1	27	1	0	4	0	7	1	1	1	16	12.75	Si
1	19	1	1	2	0	1	0	1	5	21	54.14	No
2	24	1	0	1	0	2	1	1	1	5	82.57	Si
2	19	1	0	3	0	4	1	1	4	16	56.94	Si
1	20	1	1	1	0	1	1	1	4	16	62.18	No
2	24	1	0	3	0	4	1	1	5	16	76.87	Si
1	23	1	1	2	0	3	0	0	5	26	80.57	Si
1	19	1	0	3	0	4	1	1	4	16	62.88	Si
1	26	1	0	4	0	7	1	1	3	29	47.02	Si
2	118	1	1	2	0	3	0	0	1	0	0	Si
1	25	1	1	4	0	6	0	0	8	30	72.18	Si
2	21	1	0	4	0	7	1	1	7	17	71.76	Si
1	19	1	0	4	0	7	0	1	5	17	38.1	Si
2	21	1	0	3	0	5	0	0	5	4	71.86	No
1	20	1	0	3	0	4	1	1	3	11	60.13	Si
2	22	1	0	1	0	2	1	1	4	27	64.85	No
2	19	1	0	4	0	7	1	1	4	15	48.43	Si
2	20	1	0	4	0	7	0	1	3	12	54.55	Si
2	24	1	1	2	0	3	0	0	5	16	75.92	Si
2	39	1	0	3	0	4	1	1	1	5	0	Si
1	21	1	1	4	0	6	0	0	4	15	63.38	Si
2	22	1	1	2	0	1	0	1	10	36	0	No
2	22	1	0	1	0	2	1	1	5	12	65.73	No
2	21	1	0	4	0	7	0	1	3	12	61.83	Si
1	22	1	0	3	0	4	1	1	4	23	47.16	Si
2	24	1	0	4	0	1	0	0	1	1	76.02	No
2	20	1	0	4	0	1	0	0	3	9	59.5	No
2	19	1	1	4	0	6	0	0	6	19	51.27	Si
1	23	1	0	4	0	7	1	1	5	23	87.31	Si
2	24	1	0	1	0	2	1	1	2	16	72.7	No
2	31	1	0	4	0	7	1	1	4	16	79.33	Si
1	23	1	0	3	0	4	1	1	7	20	63.78	Si
1	19	1	0	4	0	7	1	1	4	15	51.2	Si
2	118	1	0	3	0	5	0	0	1	5	0	No
1	25	1	0	4	0	7	0	1	7	22	85.53	Si
1	29	1	0	4	0	7	0	1	4	27	60.77	Si
1	21	1	1	4	0	6	0	0	3	12	61.14	Si
2	18	1	1	2	0	1	0	1	5	21	45.89	No
2	20	1	0	3	0	4	1	1	1	6	57.29	Si
2	27	1	0	4	0	7	1	1	1	5	73.96	Si
1	25	1	0	4	0	7	1	1	4	27	52.04	Si
1	20	1	0	3	0	4	1	1	4	16	64.76	Si
2	23	1	0	1	0	2	1	1	5	23	69.6	No
1	20	1	0	3	0	4	1	1	2	10	60.35	Si
2	23	1	1	1	0	1	1	1	4	27	65.88	No
2	21	1	0	4	0	7	1	1	2	10	57.75	Si
1	20	1	0	4	0	7	0	1	3	24	66.07	Si
2	29	1	1	4	0	6	0	0	3	24	79.21	Si
2	21	1	1	2	0	1	0	1	5	27	65.9	No
1	20	1	0	4	0	7	0	1	5	23	59.6	Si
1	118	1	0	4	0	7	0	1	1	0	0	Si
1	21	1	1	1	0	1	1	1	2	8	62.96	No
1	23	1	0	4	0	7	1	1	2	12	44.12	Si
1	20	1	0	1	0	2	1	1	4	15	58.17	No
1	22	1	0	1	0	2	1	1	4	15	62.07	No
1	18	1	0	1	0	2	1	1	4	11	64.75	No
1	19	1	0	4	0	7	0	1	4	18	68.91	Si
2	27	1	1	2	0	3	0	0	1	16	78	Si
2	37	1	1	2	0	3	0	0	4	16	49	Si
2	25	1	1	4	0	6	0	0	2	16	69.67	Si
2	22	1	0	1	0	2	1	1	1	5	68.73	No
1	27	1	0	3	0	4	1	1	5	28	54.81	Si
1	26	1	0	3	0	5	0	0	2	16	62.27	No
2	23	1	0	4	0	7	0	1	4	15	70.41	Si
1	24	1	0	3	0	5	0	0	7	17	62.98	No
1	28	1	1	2	0	3	0	0	7	22	68.76	Si
1	20	1	0	3	0	5	0	0	4	16	46.83	No
1	118	1	0	4	0	7	0	1	1	3	0	Si
1	20	1	0	1	0	2	1	1	3	16	74.78	No
2	27	1	1	2	0	3	0	0	2	21	73.44	Si
2	19	1	1	1	0	1	1	1	4	17	62.94	No
2	118	1	0	3	0	5	0	0	1	15	0	No
2	118	1	1	2	0	1	0	1	1	80	0	No
2	21	1	1	1	0	1	1	1	4	27	68.8	No
2	25	1	1	4	0	6	0	0	4	16	73.26	Si
2	36	1	0	4	0	1	0	0	6	19	1.88	No
2	24	1	0	3	0	4	1	1	5	26	83.73	Si
1	19	1	0	1	0	2	1	1	5	17	0	No
2	24	1	0	4	0	1	0	0	5	19	55.81	No
2	20	1	0	4	0	1	0	0	3	14	55.23	No
2	22	1	1	4	0	6	0	0	2	10	49.7	Si
2	24	1	0	4	0	1	0	0	5	23	73.86	No
1	23	1	1	2	0	3	0	0	7	18	72.19	Si
1	118	1	1	2	0	3	0	0	1	15	0	Si
2	22	1	0	3	0	4	1	1	6	19	19.17	Si
1	19	1	0	4	0	1	0	0	4	17	39	No
1	21	1	0	1	0	2	1	1	2	7	66.16	No
1	21	1	1	2	0	1	0	1	5	16	60.69	No
2	23	1	1	1	0	1	1	1	6	20	67.98	No
1	21	1	0	1	0	2	1	1	3	17	72.11	No
2	22	1	0	4	0	7	1	1	5	27	59.33	Si
2	25	1	0	4	0	7	1	1	5	28	50.68	Si
2	32	1	0	4	0	7	1	1	1	0	0	Si
2	118	1	0	3	0	5	0	0	1	0	0	No
2	23	1	0	1	0	2	1	1	5	16	57.78	No
2	22	1	0	4	0	1	0	0	4	27	64.67	No
2	20	1	0	3	0	5	0	0	1	6	65.38	No
2	25	1	0	3	0	4	1	1	2	16	64.31	Si
2	21	1	0	4	0	1	0	0	5	4	68.49	No
2	23	1	0	3	0	5	0	0	4	27	63.04	No
1	21	1	1	1	0	1	1	1	2	8	66.22	No
1	22	1	0	4	0	7	1	1	5	28	70.59	Si
2	22	1	0	1	0	2	1	1	4	24	52.86	No
1	118	1	0	1	0	2	1	1	1	0	0	No
1	24	1	0	3	0	4	1	1	5	28	63.81	Si
1	20	1	1	4	0	6	0	0	6	19	51	Si
2	23	1	0	1	0	2	1	1	1	10	85.36	Si
1	26	1	0	4	0	7	1	1	2	21	72.81	Si
2	22	1	0	1	0	2	1	1	4	15	68.2	No
2	22	1	1	2	0	3	0	0	4	12	59.08	Si
2	28	1	0	4	0	1	0	0	1	0	80.37	Si
1	20	1	0	3	0	5	0	0	1	12	66.52	No
2	27	1	0	3	0	4	1	1	1	16	78.3	Si
2	23	1	1	1	0	1	1	1	6	16	64.09	No
2	20	1	0	4	0	1	0	0	9	36	22.33	No
2	22	1	1	1	0	1	1	1	1	5	66.97	No
1	19	1	0	3	0	5	0	0	3	11	56.5	No
2	33	1	0	3	0	5	0	0	5	28	72.67	No
1	24	1	0	1	0	2	1	1	1	16	76.3	No
2	19	1	1	2	0	3	0	0	3	13	62.57	Si
2	20	1	1	2	0	1	0	1	3	24	71.32	No
2	20	1	0	4	0	7	0	1	7	14	71.76	Si
2	19	1	1	2	0	3	0	0	6	19	44.91	Si
1	118	1	0	4	0	7	1	1	1	5	0	Si
1	28	2	0	3	0	5	0	0	1	0	0	No
2	22	1	0	1	0	2	1	1	5	28	69.05	No
2	21	1	0	4	0	7	0	1	2	19	62.52	Si
2	25	1	0	4	0	1	0	0	2	21	75	No
2	19	1	0	3	0	4	1	1	5	17	41.2	Si
1	22	1	1	2	0	3	0	0	3	24	75.17	Si
1	20	1	0	4	0	7	0	1	4	13	67.53	Si
1	25	1	0	3	0	4	1	1	25	143	41.33	Si
1	20	1	0	3	0	4	1	1	3	12	45.93	Si
1	118	1	0	4	0	7	0	1	1	3	0	Si
2	24	1	0	4	0	1	0	0	3	24	58.08	No
1	20	1	0	1	0	2	1	1	4	27	75.5	No
2	25	1	0	4	0	1	0	0	5	23	70.95	No
2	23	1	1	2	0	1	0	1	2	16	77.2	No
1	20	1	1	1	0	1	1	1	5	19	55.15	No
2	21	1	0	1	0	2	1	1	3	13	56.5	No
1	21	1	0	1	0	2	1	1	4	16	55	No
2	21	1	1	2	0	1	0	1	4	14	65.59	No
2	24	1	0	3	0	5	0	0	1	1	87.91	Si
1	22	1	1	4	0	6	0	0	6	19	49.55	Si
1	19	1	1	2	0	3	0	0	6	19	55.63	Si
2	118	1	1	2	0	1	0	1	2	21	0	No
2	18	1	0	3	0	5	0	0	5	17	46.3	No
2	24	1	1	1	0	1	1	1	4	16	48.5	No
2	24	1	1	4	0	6	0	0	3	24	81.09	Si
2	118	1	0	4	0	1	0	0	5	21	43.89	No
1	18	1	0	4	0	7	0	1	6	19	45.73	Si
2	18	1	1	4	0	6	0	0	6	19	31.17	Si
1	23	1	1	2	0	1	0	1	3	24	72	No
2	21	1	1	1	0	1	1	1	1	4	54.08	No
2	24	1	0	4	0	1	0	0	3	24	74.47	No
2	25	1	1	1	0	1	1	1	1	16	77.92	No
2	23	1	1	2	0	1	0	1	5	28	76.08	No
2	23	1	1	1	0	1	1	1	3	24	79.04	Si
1	18	1	0	1	0	2	1	1	6	19	50.09	No
1	23	1	0	3	0	4	1	1	5	12	52.58	Si
2	21	1	0	4	0	7	0	1	3	13	56.21	Si
1	25	1	1	2	0	1	0	1	3	24	70.64	No
1	22	1	0	3	0	5	0	0	5	15	63.12	No
2	29	1	0	3	0	5	0	0	1	5	73.55	No
1	24	1	0	4	0	1	0	0	2	16	75.12	No
2	22	1	0	4	0	7	0	1	8	20	71.83	Si
2	22	1	0	4	0	7	1	1	1	5	66.47	Si
2	19	1	0	3	0	5	0	0	5	27	71.68	No
2	20	1	1	2	0	3	0	0	6	19	52.36	Si
1	118	1	0	1	0	2	1	1	1	0	0	No
1	22	1	1	2	0	1	0	1	2	19	62.33	No
1	24	1	0	4	0	7	0	1	2	16	81.4	Si
2	22	1	1	1	0	1	1	1	3	24	62.69	No
2	20	1	0	4	0	7	1	1	5	19	54.08	Si
2	23	1	0	4	0	1	0	0	5	13	72.76	No
1	18	1	0	4	0	1	0	0	4	12	50.94	No
1	28	1	1	1	0	1	1	1	8	30	77.85	No
2	18	1	0	4	0	7	1	1	5	21	42.89	Si
2	23	1	0	3	0	4	1	1	5	26	83.26	Si
2	19	1	0	4	0	7	1	1	4	17	75.13	Si
2	23	1	0	4	0	1	0	0	2	11	66.5	No
2	18	1	0	3	0	4	1	1	6	19	51.5	Si
2	18	1	1	2	0	3	0	0	4	11	36.63	Si
2	20	1	1	2	0	1	0	1	6	20	60.63	No
2	26	1	0	4	0	7	1	1	2	21	80.04	Si
1	22	1	0	3	0	4	1	1	7	22	84.54	Si
2	21	1	1	1	0	1	1	1	2	17	64.55	No
1	20	1	1	4	0	6	0	0	5	23	78	Si
1	118	1	0	4	0	7	1	1	1	3	0	Si
1	27	1	1	2	0	1	0	1	1	16	76.56	No
2	29	1	0	3	0	4	1	1	1	0	83.83	Si
2	20	1	0	4	0	7	0	1	1	4	62.17	Si
2	20	1	0	3	0	5	0	0	2	9	58.27	No
2	18	1	0	1	0	2	1	1	6	19	49.78	No
1	27	1	0	4	0	7	0	1	1	5	77.42	Si
1	21	1	0	1	0	2	1	1	4	14	65.52	No
2	26	1	0	1	0	2	1	1	1	16	71.21	No
2	23	1	0	3	0	5	0	0	2	25	71.89	No
1	19	1	0	3	0	4	1	1	4	16	60.88	Si
2	20	1	1	1	0	1	1	1	3	12	53.45	No
2	21	1	1	2	0	3	0	0	1	6	59.76	Si
1	19	1	1	2	0	3	0	0	1	4	57.09	Si
1	21	1	0	4	0	7	1	1	1	4	56.67	Si
2	23	1	0	1	0	2	1	1	2	16	75.5	No
1	23	1	1	2	0	1	0	1	5	16	79.15	Si
1	20	1	0	1	0	2	1	1	5	23	62.75	No
1	118	1	0	1	0	2	1	1	1	5	0	No
1	27	1	1	2	0	3	0	0	2	0	86.24	Si
2	24	1	0	3	0	5	0	0	3	24	75.15	No
2	20	1	0	3	0	5	0	0	6	19	61	No
1	23	1	1	1	0	1	1	1	3	24	74.9	No
2	31	1	0	4	0	7	1	1	6	26	37.78	Si
1	18	1	1	2	0	1	0	1	6	19	54.78	No
1	22	1	0	3	0	4	1	1	7	18	68.47	Si
2	21	1	0	4	0	1	0	0	6	14	69.74	No
2	22	1	0	3	0	5	0	0	6	19	62.47	No
2	118	1	0	1	0	2	1	1	4	16	73.5	No
1	24	1	1	4	0	6	0	0	2	10	50.27	Si
2	24	1	0	3	0	5	0	0	3	24	67.69	No
2	118	1	1	1	0	1	1	1	1	15	0	No
2	21	1	0	4	0	1	0	0	5	28	86.71	Si
2	21	1	0	4	0	7	0	1	4	27	75.54	Si
2	23	1	0	3	0	5	0	0	1	4	69.52	No
2	25	1	1	2	0	1	0	1	2	21	79.8	Si
2	118	1	1	2	0	3	0	0	1	0	0	Si
2	19	1	0	4	0	7	1	1	3	12	43.92	Si
1	21	1	0	1	0	2	1	1	3	29	70.81	No
2	19	1	1	2	0	1	0	1	3	13	46.5	No
1	26	1	0	3	0	5	0	0	6	7	43.75	No
2	22	1	1	4	0	6	0	0	5	26	89.2	Si
2	21	1	1	4	0	6	0	0	4	12	60.21	Si
2	24	1	1	2	0	3	0	0	6	15	54.71	Si
2	25	1	1	2	0	1	0	1	1	5	76.67	No
1	24	1	0	3	0	5	0	0	5	28	49.54	No
1	28	1	0	4	0	7	0	1	2	16	71.46	Si
2	24	1	0	4	0	7	0	1	2	21	78.65	Si
1	118	1	0	1	0	2	1	1	1	0	0	No
1	22	1	0	4	0	1	0	0	6	17	62.08	No
1	19	1	0	3	0	5	0	0	6	19	41.67	No
2	118	1	0	3	0	5	0	0	1	0	0	No
1	118	1	1	2	0	3	0	0	1	15	0	Si
1	18	1	0	1	0	2	1	1	5	21	46.75	No
2	25	1	0	3	0	5	0	0	3	24	71.69	No
2	18	1	1	4	0	6	0	0	5	21	49.67	Si
2	24	1	0	1	0	2	1	1	1	16	77.8	No
2	21	1	0	4	0	1	0	0	2	9	53.8	No
2	24	1	0	4	0	7	0	1	2	16	77.17	Si
2	18	1	1	2	0	3	0	0	6	19	44.82	Si
2	37	2	1	4	0	6	0	0	3	29	27.09	Si
2	19	1	0	4	0	7	0	1	2	9	55.73	Si
2	48	1	1	1	0	1	1	1	4	16	78.83	No
1	23	1	0	3	0	4	1	1	1	10	83.18	Si
1	23	1	1	4	0	6	0	0	3	24	80.17	Si
2	19	1	1	2	0	1	0	1	5	27	74.11	No
2	25	1	0	4	0	1	0	0	2	21	73.85	No
2	27	1	1	1	0	1	1	1	2	3	80.64	Si
2	22	1	1	1	0	1	1	1	2	19	66.72	No
2	22	1	0	4	0	7	0	1	2	13	68.16	Si
2	21	1	1	2	0	3	0	0	7	16	71.13	Si
2	19	1	1	4	0	6	0	0	5	27	77.26	Si
1	50	2	0	4	0	1	0	0	1	0	0	No
2	21	1	0	3	0	4	1	1	1	6	56.08	Si
1	20	1	0	3	0	5	0	0	1	4	51.93	No
1	25	1	0	3	0	4	1	1	4	27	59.5	Si
2	21	1	0	4	0	1	0	0	4	14	61.48	No
2	27	1	1	1	0	1	1	1	1	3	0	No
1	18	1	1	1	0	1	1	1	6	19	48	No
1	118	1	0	4	0	7	0	1	2	0	0	Si
2	22	1	0	4	0	7	0	1	7	18	71.88	Si
1	19	1	0	4	0	1	0	0	4	15	56.54	No
2	20	1	0	4	0	7	0	1	9	20	60.88	Si
1	19	1	1	1	0	1	1	1	4	17	41.5	No
2	22	1	0	4	0	7	0	1	5	23	71.72	Si
1	24	1	0	4	0	7	0	1	3	24	71.29	Si
1	21	1	1	4	0	6	0	0	5	23	64.07	Si
2	24	1	1	2	0	1	0	1	2	16	77.7	No
2	21	1	0	4	0	7	1	1	2	19	67.63	Si
1	23	1	0	4	0	1	0	0	5	23	71.12	No
1	23	1	1	2	0	3	0	0	5	26	87	Si
2	31	1	0	1	0	2	1	1	1	0	0	No
2	24	1	0	3	0	5	0	0	5	20	70.95	No
2	28	1	0	1	0	2	1	1	2	16	72.92	No
1	18	1	1	4	0	6	0	0	2	5	31	Si
1	118	1	1	2	0	3	0	0	1	0	0	Si
2	34	1	1	2	0	3	0	0	1	5	75.92	Si
1	17	1	0	4	0	7	1	1	6	19	52.27	Si
2	24	1	1	1	0	1	1	1	5	23	84.05	Si
1	20	1	0	4	0	7	0	1	5	21	28.38	Si
2	20	1	0	4	0	7	1	1	7	20	62.84	Si
1	18	1	0	1	0	2	1	1	6	19	9.17	No
1	44	1	0	3	0	4	1	1	2	7	85.2	Si
2	26	1	0	3	0	4	1	1	2	16	76.88	Si
1	24	1	0	1	0	2	1	1	5	28	67.51	No
2	24	1	1	2	0	1	0	1	3	24	72.2	No
1	21	1	1	4	0	6	0	0	3	29	71.28	Si
2	118	1	0	4	0	7	1	1	1	0	0	Si
1	20	1	1	4	0	6	0	0	3	10	48.92	Si
2	25	1	1	2	0	3	0	0	3	10	16.19	Si
1	24	1	0	1	0	2	1	1	2	21	80.54	Si
1	22	1	0	4	0	1	0	0	2	7	55.71	No
1	19	1	1	4	0	6	0	0	6	19	47.27	Si
2	23	1	1	2	0	3	0	0	5	23	76.27	Si
1	33	1	1	2	0	1	0	1	2	10	52.38	No
2	26	1	0	4	0	7	0	1	1	10	0	Si
1	24	1	0	3	0	5	0	0	3	24	72.94	No
2	25	1	1	2	0	3	0	0	1	10	75.34	Si
2	20	1	0	4	0	1	0	0	5	27	64.75	No
1	18	1	1	2	0	3	0	0	5	21	45.89	Si
2	22	1	1	1	0	1	1	1	3	29	67.67	No
1	25	1	1	2	0	3	0	0	1	16	78.02	Si
1	35	1	0	3	0	4	1	1	4	11	51.7	Si
2	21	1	1	1	0	1	1	1	7	17	69.08	No
1	18	1	0	3	0	4	1	1	5	21	47	Si
2	118	1	1	2	0	3	0	0	2	21	0	Si
2	25	1	0	3	0	4	1	1	8	30	78.39	Si
2	23	1	0	4	0	7	0	1	3	24	66.84	Si
1	25	1	1	2	0	1	0	1	2	16	78.6	No
1	118	1	0	4	0	7	1	1	2	25	0	Si
2	23	1	1	4	0	6	0	0	1	6	63.83	Si
2	20	1	1	2	0	1	0	1	5	23	54.57	No
2	33	1	0	4	0	7	1	1	6	24	89	Si
2	27	1	0	1	0	2	1	1	7	22	67.16	No
1	18	1	0	4	0	7	0	1	6	19	55.67	Si
1	23	1	1	2	0	3	0	0	3	24	76.19	Si
1	20	1	1	4	0	6	0	0	6	20	66.73	Si
1	20	1	0	1	0	2	1	1	5	23	54.78	No
1	19	1	1	4	0	6	0	0	3	16	46.21	Si
2	21	1	0	4	0	7	1	1	5	28	75.47	Si
1	18	1	1	2	0	1	0	1	6	19	54.27	No
2	23	1	1	4	0	6	0	0	2	16	78.61	Si
2	20	1	0	4	0	7	1	1	2	6	60.93	Si
1	24	1	0	4	0	7	0	1	3	24	86.45	Si
2	30	1	1	4	0	6	0	0	2	6	73.2	Si
1	25	1	1	1	0	1	1	1	3	24	66.86	No
2	20	1	0	3	0	5	0	0	6	20	62.86	No
2	21	1	0	4	0	7	1	1	2	18	71.7	Si
1	28	1	0	3	0	4	1	1	2	21	76.4	Si
2	22	1	0	3	0	5	0	0	3	13	58	No
2	24	1	0	4	0	7	1	1	7	22	78.83	Si
1	18	1	1	4	0	6	0	0	5	21	38.5	Si
1	20	1	0	4	0	1	0	0	5	16	65.16	No
1	21	1	1	4	0	6	0	0	6	19	44.13	Si
2	26	1	0	4	0	7	0	1	2	21	81.04	Si
1	19	1	1	2	0	1	0	1	3	12	46.73	No
1	18	1	1	1	0	1	1	1	5	21	52.11	No
2	22	1	0	4	0	1	0	0	5	28	73.66	No
1	20	1	0	4	0	7	1	1	3	15	57.74	Si
1	118	1	1	2	0	3	0	0	1	5	0	Si
1	24	1	0	3	0	4	1	1	6	31	51.65	Si
2	21	1	1	2	0	3	0	0	5	27	63	Si
1	22	1	1	2	0	1	0	1	3	13	62.05	No
1	21	1	0	4	0	1	0	0	3	29	66.78	No
2	118	1	0	4	0	7	1	1	1	10	0	Si
2	21	1	1	2	0	1	0	1	2	15	64.46	No
2	118	1	0	3	0	4	1	1	1	0	0	Si
1	26	1	1	1	0	1	1	1	1	16	70.33	No
1	24	1	0	4	0	1	0	0	5	7	59.61	No
2	33	1	0	3	0	4	1	1	1	0	84.96	Si
1	118	1	0	4	0	7	0	1	1	5	0	Si
1	31	1	1	4	0	6	0	0	1	0	84.42	Si
2	20	1	1	1	0	1	1	1	3	17	65.52	No
2	22	1	0	4	0	7	1	1	4	27	74.26	Si
1	19	1	0	3	0	5	0	0	1	4	50	No
2	19	1	0	4	0	7	1	1	5	21	48.44	Si
1	19	1	1	4	0	6	0	0	6	19	45.55	Si
1	19	1	1	1	0	1	1	1	2	7	62.69	No
2	23	1	1	1	0	1	1	1	2	13	60.82	No
2	23	1	1	2	0	1	0	1	6	24	45.4	No
1	118	1	0	4	0	7	0	1	1	0	0	Si
2	19	1	1	4	0	6	0	0	2	9	39	Si
1	18	1	0	4	0	7	1	1	5	21	48.86	Si
2	23	1	1	4	0	6	0	0	4	17	59.23	Si
2	21	1	0	4	0	7	1	1	8	20	64.98	Si
1	22	1	1	1	0	1	1	1	5	17	71.14	No
1	18	1	0	4	0	1	0	0	5	17	46.11	No
2	23	1	0	1	0	2	1	1	5	23	73.61	No
1	19	1	1	4	0	6	0	0	6	19	44.36	Si
2	24	1	1	4	0	6	0	0	3	24	69.18	Si
2	25	1	1	2	0	3	0	0	1	3	73.98	Si
1	23	1	1	2	0	1	0	1	3	24	62.31	No
2	19	1	0	1	0	2	1	1	4	15	69	No
1	26	1	0	4	0	7	1	1	5	25	48.34	Si
1	22	1	0	3	0	4	1	1	5	16	65.15	Si
1	22	1	0	4	0	7	0	1	6	19	31.11	Si
1	21	1	1	4	0	6	0	0	8	19	72.89	Si
2	20	1	0	4	0	7	1	1	3	12	49.31	Si
2	22	1	0	4	0	1	0	0	5	18	51.79	No
2	19	1	1	2	0	1	0	1	3	16	55.46	No
2	21	1	0	4	0	7	0	1	6	18	63.78	Si
2	21	1	0	3	0	5	0	0	6	24	44.88	No
1	18	1	1	2	0	1	0	1	6	19	51.22	No
2	24	1	1	2	0	3	0	0	7	22	79.63	Si
2	118	1	0	3	0	4	1	1	1	16	0	Si
2	23	1	0	4	0	7	1	1	5	28	65.4	Si
1	22	1	0	4	0	7	1	1	1	5	43.08	Si
2	26	1	1	2	0	3	0	0	2	15	42.94	Si
2	118	1	0	3	0	5	0	0	1	0	0	No
2	18	1	1	2	0	1	0	1	5	16	60.6	No
2	28	1	1	2	0	3	0	0	6	20	66	Si
1	27	1	1	2	0	3	0	0	3	7	80.27	Si
2	29	1	0	1	0	2	1	1	1	0	0	No
2	20	1	0	4	0	1	0	0	6	19	51.82	No
2	118	1	1	2	0	1	0	1	1	15	0	No
2	21	1	0	4	0	1	0	0	4	12	59.5	No
2	21	1	0	4	0	7	0	1	3	9	33.67	Si
2	21	1	0	4	0	7	0	1	8	19	71.15	Si
1	26	1	1	2	0	3	0	0	3	24	72.26	Si
2	20	1	1	4	0	6	0	0	5	27	70.79	Si
2	26	1	0	3	0	5	0	0	4	27	59.74	No
2	35	1	0	4	0	7	1	1	5	19	56.18	Si
2	26	1	1	4	0	6	0	0	1	10	74.67	Si
2	20	1	1	1	0	1	1	1	6	19	53.88	No
1	19	1	0	4	0	7	0	1	4	12	61.31	Si
1	21	1	0	4	0	7	1	1	5	27	55.63	Si
1	22	1	0	3	0	5	0	0	5	28	69.72	No
1	23	1	1	2	0	3	0	0	4	15	54.23	Si
2	19	1	0	3	0	5	0	0	4	15	56.18	No
1	24	1	1	4	0	6	0	0	6	16	76.37	Si
1	21	1	1	2	0	1	0	1	3	10	60.17	No
2	25	1	0	4	0	1	0	0	2	21	78.73	No
2	22	1	0	1	0	2	1	1	4	27	64.52	No
2	21	1	0	4	0	7	0	1	4	14	54.94	Si
1	21	1	1	1	0	1	1	1	3	24	44.18	No
2	26	1	0	3	0	5	0	0	1	5	38.46	No
2	25	1	1	2	0	3	0	0	3	24	71.32	Si
1	21	1	0	4	0	7	0	1	3	24	69.12	Si
1	26	1	0	1	0	2	1	1	6	19	41	No
2	20	1	0	3	0	4	1	1	2	18	76.57	Si
1	118	1	0	4	0	7	1	1	1	0	0	Si
2	18	1	1	1	0	1	1	1	6	19	44.09	No
1	20	1	1	4	0	6	0	0	4	17	64.5	Si
1	27	1	0	4	0	1	0	0	1	16	74.75	No
1	25	1	1	4	0	6	0	0	5	19	47.32	Si
2	21	1	0	4	0	7	1	1	5	28	76.47	Si
2	118	1	0	4	0	7	0	1	1	15	0	Si
2	20	1	0	3	0	5	0	0	3	24	67.88	No
2	118	1	0	3	0	4	1	1	1	0	0	Si
1	118	1	1	1	0	1	1	1	1	0	0	No
2	19	1	0	4	0	7	1	1	4	16	69.29	Si
1	20	1	0	3	0	5	0	0	2	18	72.86	No
2	24	1	1	4	0	6	0	0	1	10	58.89	Si
1	22	1	1	2	0	1	0	1	4	27	67.66	No
2	21	1	0	4	0	1	0	0	6	13	61.96	No
2	22	1	1	2	0	1	0	1	5	28	62.35	No
1	23	1	1	2	0	1	0	1	5	28	68.71	No
1	29	1	0	4	0	7	0	1	1	0	78.24	Si
2	118	1	0	1	0	2	1	1	1	0	0	No
1	23	1	0	4	0	7	0	1	5	23	63.6	Si
1	20	1	1	2	0	1	0	1	3	12	63.9	No
1	31	1	1	1	0	1	1	1	1	4	8.18	No
1	19	1	1	2	0	1	0	1	3	17	56.05	No
1	28	1	1	2	0	3	0	0	3	12	58	Si
1	29	1	0	4	0	7	0	1	1	2	54.47	Si
1	61	1	0	4	0	7	0	1	1	0	76.67	Si
1	24	1	1	2	0	3	0	0	1	10	80.13	Si
2	20	1	0	4	0	1	0	0	5	17	17.6	No
2	118	1	0	4	0	7	1	1	1	0	0	Si
2	23	1	0	3	0	5	0	0	5	23	73.07	No
1	20	1	0	3	0	4	1	1	2	8	39.58	Si
1	22	1	1	4	0	6	0	0	2	11	55.11	Si
2	22	1	1	4	0	6	0	0	3	17	73.74	Si
1	22	1	1	4	0	6	0	0	3	13	31	Si
2	118	1	0	4	0	7	1	1	1	5	0	Si
2	118	1	1	2	0	1	0	1	1	0	0	No
1	35	1	1	2	0	3	0	0	1	0	81.63	Si
2	24	1	1	4	0	6	0	0	4	15	62.21	Si
1	19	1	1	2	0	1	0	1	4	16	64.71	No
2	22	1	0	4	0	7	0	1	4	14	61.45	Si
2	23	1	0	3	0	5	0	0	5	23	71.98	No
2	19	1	0	1	0	2	1	1	4	16	63.88	No
2	118	1	1	2	0	3	0	0	1	0	0	Si
2	21	1	0	3	0	4	1	1	8	20	70.03	Si
1	118	1	0	1	0	2	1	1	1	0	0	No
2	118	1	0	3	0	4	1	1	1	5	0	Si
2	19	1	1	2	0	3	0	0	5	21	41.22	Si
1	19	1	0	1	0	2	1	1	5	15	43.73	No
2	24	1	1	2	0	1	0	1	3	29	68	No
2	22	1	0	3	0	4	1	1	5	26	91.88	Si
1	20	1	0	4	0	7	0	1	4	16	55.35	Si
1	21	1	0	1	0	2	1	1	3	24	73	No
2	21	1	1	1	0	1	1	1	2	8	45.57	No
2	20	1	0	3	0	4	1	1	2	9	69.47	Si
2	26	1	1	4	0	6	0	0	4	16	84.23	Si
2	19	1	0	3	0	4	1	1	3	12	59	Si
2	118	1	0	4	0	7	1	1	3	3	0	Si
1	30	1	0	4	0	7	1	1	2	21	73.02	Si
2	24	1	0	4	0	1	0	0	1	3	50.21	No
1	118	1	1	2	0	1	0	1	1	10	0	No
1	118	1	1	4	0	6	0	0	1	5	0	Si
1	31	1	0	3	0	4	1	1	1	5	77.78	Si
2	20	1	0	1	0	2	1	1	3	12	51.09	No
2	31	1	1	2	0	1	0	1	2	5	71.75	No
2	24	1	0	4	0	1	0	0	3	24	74.38	No
1	19	1	1	2	0	1	0	1	5	17	37.5	No
1	23	1	0	4	0	1	0	0	6	25	55.19	No
2	19	1	1	1	0	1	1	1	5	23	45.73	No
1	22	1	0	3	0	5	0	0	5	28	65.31	No
1	118	1	0	3	0	4	1	1	1	5	0	Si
1	19	1	0	4	0	7	1	1	6	19	47.11	Si
2	118	1	0	1	0	2	1	1	1	0	0	No
2	21	1	1	2	0	3	0	0	5	27	65.08	Si
1	26	1	0	4	0	7	1	1	7	17	57.68	Si
1	34	2	0	3	0	4	1	1	1	5	52.71	Si
2	24	1	1	2	0	3	0	0	2	21	77.57	Si
1	21	1	0	3	0	4	1	1	6	20	70.89	Si
2	32	1	0	4	0	7	1	1	1	0	56.65	Si
2	18	1	0	4	0	7	1	1	6	19	52.27	Si
1	21	1	0	3	0	4	1	1	2	15	61.55	Si
2	23	1	0	4	0	7	1	1	5	16	58.87	Si
2	23	1	0	4	0	7	1	1	4	12	62.95	Si
2	26	1	1	1	0	1	1	1	1	16	75.32	No
2	41	2	1	2	0	1	0	1	1	5	79.83	Si
2	21	1	0	3	0	5	0	0	1	12	60.33	No
1	25	1	1	4	0	6	0	0	2	10	45.45	Si
1	118	1	1	2	0	3	0	0	1	80	0	Si
1	26	1	0	4	0	7	1	1	4	27	57.2	Si
2	22	1	0	3	0	4	1	1	8	19	68	Si
1	32	1	0	4	0	7	1	1	4	16	49	Si
1	36	1	1	1	0	1	1	1	6	24	96.86	Si
2	21	1	0	4	0	7	0	1	8	31	83.22	Si
2	22	1	0	1	0	2	1	1	4	27	74.46	No
1	26	1	1	2	0	3	0	0	2	21	73.09	Si
2	25	1	0	4	0	7	0	1	5	16	92.92	Si
2	22	1	1	1	0	1	1	1	4	15	74.82	No
1	36	1	1	4	0	6	0	0	6	24	88.02	Si
2	26	1	0	3	0	4	1	1	1	5	78.76	Si
2	118	1	0	4	0	7	0	1	5	21	46.78	Si
1	21	1	1	4	0	6	0	0	5	16	68.61	Si
2	25	1	0	4	0	7	1	1	1	8	77.18	Si
2	23	1	0	4	0	1	0	0	1	80	81.42	Si
1	20	1	0	3	0	5	0	0	3	10	40.8	No
2	21	1	0	4	0	1	0	0	1	9	71.59	No
1	23	1	0	1	0	2	1	1	1	9	61.91	No
1	118	1	1	2	0	1	0	1	1	3	0	No
2	31	1	0	1	0	2	1	1	4	16	79.25	Si
2	23	1	1	2	0	1	0	1	4	14	50.21	No
1	18	1	1	1	0	1	1	1	5	21	0	No
2	20	1	0	3	0	5	0	0	5	27	75.8	No
2	26	1	1	4	0	6	0	0	4	15	50.43	Si
1	25	1	0	3	0	4	1	1	1	16	77.71	Si
1	22	1	1	2	0	3	0	0	7	18	74.25	Si
1	19	1	0	4	0	1	0	0	3	13	61.5	No
2	28	1	0	3	0	4	1	1	3	21	72.81	Si
1	19	1	0	3	0	4	1	1	7	25	54.43	Si
1	118	1	0	3	0	4	1	1	1	0	0	Si
1	24	1	0	4	0	7	1	1	5	16	72.28	Si
2	25	1	0	4	0	7	0	1	3	24	73.98	Si
2	19	1	1	2	0	1	0	1	5	21	41.67	No
1	20	1	0	1	0	2	1	1	5	27	63.83	No
2	22	1	0	3	0	4	1	1	1	4	65.43	Si
2	24	1	1	2	0	1	0	1	2	16	71.08	No
2	18	1	0	1	0	2	1	1	6	19	65.63	No
1	19	1	1	1	0	1	1	1	4	17	60.43	No
2	17	1	0	4	0	1	0	0	6	19	49.36	No
2	28	1	0	4	0	7	0	1	2	32	77.02	Si
1	24	1	0	3	0	5	0	0	3	24	74.77	No
2	118	1	0	1	0	2	1	1	3	3	0	No
1	21	1	0	4	0	1	0	0	4	27	65.16	No
2	118	1	1	2	0	1	0	1	1	80	0	No
2	118	1	0	4	0	7	0	1	1	0	0	Si
2	20	1	1	4	0	6	0	0	6	20	68.96	Si
2	20	1	0	3	0	5	0	0	3	9	73.08	No
2	118	1	0	4	0	7	0	1	1	15	0	Si
1	23	1	0	4	0	1	0	0	3	24	73.48	No
2	25	1	1	1	0	1	1	1	4	27	68.85	No
2	24	1	0	1	0	2	1	1	1	16	82	Si
2	20	1	0	3	0	4	1	1	2	11	50.73	Si
2	32	1	0	3	0	5	0	0	5	23	75.51	No
1	118	1	0	4	0	7	1	1	1	15	0	Si
1	21	1	0	3	0	5	0	0	3	12	61.79	No
1	18	1	0	1	0	2	1	1	5	21	41.22	No
2	118	1	1	1	0	1	1	1	1	16	0	No
2	40	1	1	2	0	3	0	0	4	16	75.74	Si
2	25	1	0	4	0	7	0	1	2	21	74.35	Si
2	118	1	0	4	0	7	1	1	4	19	33.27	Si
2	20	1	1	1	0	1	1	1	4	16	62.53	No
1	28	1	0	3	0	4	1	1	1	6	45.88	Si
2	30	1	0	4	0	1	0	0	1	3	80.3	Si
2	22	1	1	2	0	3	0	0	3	11	41.94	Si
1	24	1	1	2	0	3	0	0	2	21	79.34	Si
1	19	1	1	4	0	6	0	0	3	13	55.13	Si
2	21	1	0	3	0	5	0	0	5	23	54	No
1	19	1	0	3	0	5	0	0	5	27	76.63	No
2	23	1	0	3	0	4	1	1	1	5	62.53	Si
2	23	1	0	1	0	2	1	1	4	16	42.82	No
2	20	1	1	4	0	6	0	0	4	16	59.29	Si
1	21	1	0	4	0	1	0	0	4	27	69.66	No
1	21	1	0	4	0	7	0	1	4	16	61.65	Si
2	23	1	1	2	0	1	0	1	5	26	82.63	Si
1	118	1	1	1	0	1	1	1	1	5	0	No
2	21	1	0	4	0	1	0	0	5	27	65.18	No
2	21	1	1	1	0	1	1	1	3	29	74.55	No
1	18	1	1	2	0	3	0	0	6	19	72.67	Si
1	20	1	0	3	0	4	1	1	5	23	62.5	Si
2	24	1	1	2	0	1	0	1	1	20	44.08	No
2	25	1	0	3	0	5	0	0	2	21	78.98	No
2	19	1	0	3	0	4	1	1	3	12	53.75	Si
2	26	1	0	1	0	2	1	1	3	22	39.96	No
1	19	1	0	1	0	2	1	1	4	15	54.46	No
2	19	1	1	1	0	1	1	1	5	27	71.89	No
2	20	1	1	2	0	3	0	0	3	12	69.76	Si
1	24	1	0	3	0	4	1	1	6	15	61.4	Si
2	23	1	0	4	0	7	1	1	5	16	81.11	Si
1	26	1	0	4	0	1	0	0	1	0	0	No
1	21	1	1	1	0	1	1	1	4	27	74.73	No
1	19	1	0	3	0	5	0	0	6	19	46.45	No
2	19	1	1	4	0	6	0	0	6	24	26.8	Si
1	118	1	0	3	0	4	1	1	1	3	0	Si
2	25	1	1	1	0	1	1	1	1	16	72.65	No
2	20	1	0	4	0	1	0	0	3	24	65.39	No
1	21	1	0	4	0	7	0	1	3	12	62.43	Si
2	21	1	0	3	0	4	1	1	3	11	81.25	Si
1	20	1	0	3	0	4	1	1	5	23	77.73	Si
1	32	1	1	2	0	1	0	1	2	3	70.71	No
2	22	1	0	1	0	2	1	1	1	0	85.04	Si
1	22	1	1	4	0	6	0	0	3	23	72.12	Si
2	23	1	0	1	0	2	1	1	8	20	79.09	Si
2	25	1	1	2	0	3	0	0	5	18	72.43	Si
2	22	1	1	4	0	6	0	0	3	17	70.03	Si
1	118	1	1	2	0	1	0	1	1	3	0	No
2	23	1	0	4	0	1	0	0	1	0	45.15	No
2	18	1	0	4	0	1	0	0	6	19	74.33	No
1	25	1	0	1	0	2	1	1	8	30	73.71	No
2	24	1	0	1	0	2	1	1	5	23	68.78	No
2	23	1	1	2	0	3	0	0	3	29	53.94	Si
1	21	1	1	2	0	3	0	0	4	27	75.79	Si
1	18	1	0	1	0	2	1	1	5	21	53.56	No
1	43	1	1	4	0	6	0	0	3	11	22.29	Si
2	118	1	1	2	0	1	0	1	5	21	49.22	No
1	25	1	0	1	0	2	1	1	3	37	78.06	No
2	20	1	1	1	0	1	1	1	5	18	58.72	No
2	22	1	1	4	0	6	0	0	4	25	49.55	Si
1	24	1	0	4	0	7	0	1	3	24	80.62	Si
2	23	1	0	4	0	7	0	1	3	29	68.28	Si
2	23	1	0	4	0	7	0	1	5	28	64	Si
1	20	1	1	2	0	3	0	0	2	9	43.62	Si
2	20	1	1	2	0	1	0	1	5	27	69.45	No
2	28	1	0	4	0	7	0	1	6	24	93.62	Si
2	19	1	0	3	0	4	1	1	6	19	43	Si
2	25	1	0	4	0	7	1	1	1	10	81.05	Si
1	23	1	1	4	0	6	0	0	2	11	49.67	Si
1	18	1	0	4	0	7	1	1	4	15	37.5	Si
1	27	1	0	3	0	5	0	0	2	0	79.85	Si
2	23	1	1	4	0	6	0	0	4	15	67.44	Si
1	18	1	0	4	0	7	0	1	5	21	15	Si
1	23	1	1	2	0	1	0	1	5	16	77.65	No
2	22	1	0	4	0	7	1	1	5	28	81.58	Si
2	22	1	0	4	0	7	1	1	4	12	61.85	Si
2	20	1	1	4	0	6	0	0	7	20	62.87	Si
2	23	1	0	1	0	2	1	1	3	17	56.84	No
2	21	1	0	4	0	7	0	1	5	14	71.65	Si
1	22	1	0	4	0	1	0	0	5	26	86.49	Si
1	118	1	0	3	0	4	1	1	1	0	0	Si
2	118	1	1	4	0	6	0	0	1	5	0	Si
1	22	1	1	4	0	6	0	0	5	26	82.62	Si
2	118	1	0	3	0	4	1	1	1	15	0	Si
2	28	1	0	4	0	1	0	0	1	3	82.62	Si
2	24	1	0	4	0	7	1	1	2	21	77.16	Si
1	22	1	0	3	0	5	0	0	6	20	64.49	No
2	20	1	0	3	0	4	1	1	2	8	44.13	Si
2	19	1	0	1	0	2	1	1	4	16	68.88	No
1	28	1	0	4	0	7	0	1	3	37	74.51	Si
2	25	1	0	3	0	5	0	0	1	5	78.59	No
1	23	1	1	1	0	1	1	1	4	27	67.87	No
2	19	1	0	4	0	7	1	1	6	19	45.36	Si
2	20	1	1	2	0	3	0	0	4	27	72.46	Si
2	19	1	1	2	0	1	0	1	3	11	50.63	No
1	21	1	1	2	0	1	0	1	3	12	72.9	No
1	24	1	0	1	0	2	1	1	1	16	78.45	No
1	21	1	1	4	0	6	0	0	5	28	78.83	Si
1	26	1	0	3	0	5	0	0	1	6	61.07	No
1	118	1	1	2	0	1	0	1	1	5	0	No
2	43	1	1	2	0	3	0	0	4	16	70.15	Si
1	20	1	1	2	0	1	0	1	3	12	60	No
2	118	1	1	1	0	1	1	1	1	16	0	No
2	19	1	0	4	0	7	0	1	3	17	65.85	Si
1	20	1	0	4	0	1	0	0	3	12	57	No
2	23	1	1	4	0	6	0	0	3	24	73.52	Si
2	32	1	1	2	0	3	0	0	2	0	0	Si
1	23	1	0	3	0	5	0	0	1	10	81.3	Si
2	118	1	1	2	0	1	0	1	1	80	0	No
2	19	1	1	2	0	1	0	1	1	4	60.91	No
2	24	1	1	2	0	3	0	0	3	24	79.72	Si
2	38	1	1	1	0	1	1	1	4	16	80.17	Si
1	118	1	0	3	0	5	0	0	1	0	0	No
1	24	1	1	4	0	6	0	0	8	30	77.62	Si
2	118	1	1	2	0	3	0	0	1	0	0	Si
1	23	1	0	3	0	4	1	1	3	24	57.4	Si
2	26	1	0	1	0	2	1	1	4	32	71.13	No
2	18	1	1	4	0	6	0	0	6	19	45.55	Si
2	22	1	1	2	0	1	0	1	1	5	68.6	No
1	31	1	1	1	0	1	1	1	1	9	34.81	No
2	30	1	0	3	0	4	1	1	6	24	87.53	Si
2	24	1	0	1	0	2	1	1	4	27	61.38	No
2	23	1	1	1	0	1	1	1	6	31	43.92	No
2	23	1	0	4	0	1	0	0	2	6	54.35	No
1	25	1	1	4	0	6	0	0	3	24	73	Si
2	18	1	0	4	0	1	0	0	6	19	0	No
2	20	1	0	4	0	1	0	0	4	15	52	No
2	25	1	0	1	0	2	1	1	4	32	80	Si
1	22	1	1	1	0	1	1	1	7	18	79.29	Si
2	24	1	0	4	0	7	1	1	2	16	68.94	Si
2	24	1	0	4	0	1	0	0	2	16	71.27	No
2	28	1	1	1	0	1	1	1	1	0	0	No
2	23	1	0	4	0	7	0	1	5	13	75.98	Si
1	26	1	1	1	0	1	1	1	5	28	50.79	No
2	27	1	0	3	0	5	0	0	2	25	37.18	No
2	23	1	0	1	0	2	1	1	1	5	60.23	No
1	118	1	0	3	0	5	0	0	2	25	0	No
2	20	1	0	4	0	7	0	1	6	19	66	Si
1	20	1	0	3	0	5	0	0	2	12	59.17	No
1	23	1	1	2	0	3	0	0	3	12	58.45	Si
2	21	1	0	1	0	2	1	1	2	16	78.17	No
1	19	1	0	4	0	7	1	1	6	19	52.64	Si
2	23	1	1	2	0	1	0	1	3	24	75.11	No
1	20	1	1	4	0	6	0	0	3	12	50.82	Si
2	30	1	1	2	0	1	0	1	3	24	76.11	No
2	22	1	0	1	0	2	1	1	5	23	71.55	No
1	23	1	1	4	0	6	0	0	2	16	76.96	Si
2	118	1	0	4	0	7	1	1	1	5	0	Si
1	20	1	0	4	0	1	0	0	3	24	66.52	No
2	19	1	0	4	0	1	0	0	3	13	63.62	No
1	18	1	1	2	0	1	0	1	7	35	42.6	No
2	18	1	0	3	0	4	1	1	6	19	49.22	Si
2	24	1	1	4	0	6	0	0	4	10	68.4	Si
2	20	1	1	1	0	1	1	1	1	4	48.46	No
1	20	1	0	3	0	4	1	1	3	9	46.69	Si
2	21	1	0	4	0	7	0	1	3	9	72.7	Si
2	26	1	1	2	0	1	0	1	5	12	66.4	No
1	23	1	1	2	0	1	0	1	5	16	62.28	No
2	19	1	1	4	0	6	0	0	3	17	64.53	Si
2	23	1	0	4	0	7	1	1	1	10	84.73	Si
1	21	1	1	2	0	3	0	0	4	27	64.69	Si
2	24	1	1	2	0	1	0	1	3	24	74.53	No
2	23	1	1	4	0	6	0	0	5	26	81.02	Si
1	33	1	0	3	0	4	1	1	5	16	51.4	Si
2	21	1	1	2	0	1	0	1	5	16	49	No
1	24	1	1	1	0	1	1	1	1	16	85.77	Si
1	118	1	0	1	0	2	1	1	1	0	0	No
1	24	1	0	1	0	2	1	1	5	28	68.97	No
1	18	1	1	4	0	6	0	0	6	19	53.44	Si
2	23	1	1	2	0	1	0	1	5	16	85.8	Si
2	118	1	1	4	0	6	0	0	1	0	0	Si
1	23	1	0	1	0	2	1	1	3	11	47.27	No
1	118	1	1	4	0	6	0	0	1	5	0	Si
2	24	1	0	3	0	4	1	1	1	8	79.06	Si
2	24	1	0	3	0	4	1	1	1	5	46.64	Si
1	22	1	1	2	0	1	0	1	5	28	69.28	No
1	19	1	0	4	0	7	1	1	3	11	62.7	Si
2	18	1	0	1	0	2	1	1	5	21	57.2	No
2	29	1	1	2	0	3	0	0	1	10	84.36	Si
2	18	1	0	4	0	7	0	1	5	21	46	Si
2	23	1	1	2	0	3	0	0	3	12	45.78	Si
1	31	1	0	4	0	7	1	1	1	0	81.84	Si
1	24	1	1	1	0	1	1	1	3	24	76.02	No
1	21	1	0	4	0	7	1	1	3	24	80.15	Si
2	19	1	1	2	0	3	0	0	8	26	51.92	Si
2	23	1	0	1	0	2	1	1	7	17	70.32	No
2	19	1	1	4	0	6	0	0	3	11	45.86	Si
2	24	1	1	1	0	1	1	1	2	16	70.94	No
2	24	1	1	1	0	1	1	1	2	16	69.81	No
1	19	1	1	2	0	1	0	1	4	15	71.65	No
2	23	1	0	4	0	1	0	0	1	4	69.49	No
2	28	1	0	1	0	2	1	1	1	0	0	No
2	31	1	0	4	0	7	0	1	2	6	38.95	Si
2	22	1	1	2	0	1	0	1	8	25	54.28	No
1	118	1	0	3	0	4	1	1	1	0	0	Si
2	35	2	0	4	0	7	1	1	1	0	0	Si
2	20	1	1	1	0	1	1	1	3	24	66.96	No
1	27	1	0	1	0	2	1	1	4	27	73.15	No
2	118	1	0	3	0	4	1	1	1	3	0	Si
2	20	1	1	1	0	1	1	1	3	12	58.33	No
2	20	1	0	4	0	7	1	1	4	17	54.75	Si
1	20	1	1	2	0	3	0	0	5	23	59.93	Si
2	19	1	0	3	0	5	0	0	6	19	51.64	No
1	23	1	0	3	0	5	0	0	7	22	81.16	Si
2	21	1	0	4	0	7	0	1	4	17	57.5	Si
1	18	1	0	4	0	7	1	1	6	19	51.91	Si
2	19	1	0	4	0	1	0	0	5	27	72.16	No
2	24	1	1	2	0	1	0	1	5	16	68.2	No
1	21	1	1	2	0	3	0	0	2	15	68.54	Si
1	23	1	0	4	0	7	1	1	3	24	81.68	Si
1	24	1	1	4	0	6	0	0	1	16	86.91	Si
1	26	1	1	2	0	3	0	0	1	5	7.78	Si
1	26	1	1	1	0	1	1	1	4	27	50.31	No
1	19	1	0	3	0	4	1	1	6	19	47.17	Si
2	19	1	0	4	0	7	1	1	5	23	66.55	Si
1	28	1	1	2	0	3	0	0	1	30	0	Si
2	32	1	0	4	0	7	0	1	6	19	71	Si
1	30	1	0	1	0	2	1	1	4	16	63.48	No
2	28	1	1	2	0	3	0	0	1	30	57.97	Si
2	24	1	0	4	0	1	0	0	2	19	41.51	No
2	22	1	0	3	0	4	1	1	1	6	54.2	Si
1	22	1	1	2	0	1	0	1	5	28	80.92	Si
1	37	1	1	1	0	1	1	1	4	16	58.78	No
2	20	1	0	4	0	1	0	0	3	17	56.95	No
1	118	1	0	3	0	5	0	0	1	5	0	No
1	19	1	1	2	0	3	0	0	2	12	64.36	Si
1	22	1	0	4	0	7	0	1	3	29	66.28	Si
1	26	1	1	1	0	1	1	1	7	22	82.05	Si
1	18	1	0	4	0	1	0	0	6	19	36.56	No
2	21	1	0	3	0	4	1	1	3	12	67.12	Si
1	46	1	0	4	0	7	0	1	1	0	0	Si
1	118	1	1	2	0	1	0	1	1	5	0	No
2	118	1	0	4	0	1	0	0	1	3	0	No
2	20	1	0	1	0	2	1	1	3	10	51.6	No
2	22	1	1	4	0	6	0	0	5	23	72.93	Si
2	21	1	0	3	0	5	0	0	4	13	56.14	No
1	26	1	0	4	0	7	0	1	1	3	87.66	Si
2	22	1	0	4	0	7	0	1	5	23	71.56	Si
2	23	1	1	4	0	6	0	0	3	10	55.95	Si
1	23	1	0	4	0	7	1	1	3	12	50.08	Si
2	23	1	0	1	0	2	1	1	4	11	67.98	No
2	19	1	1	2	0	1	0	1	7	24	73.92	No
2	18	1	0	4	0	7	0	1	6	19	45.55	Si
2	21	1	0	1	0	2	1	1	2	18	66.24	No
1	20	1	0	4	0	1	0	0	5	17	50.22	No
1	34	1	1	2	0	3	0	0	1	3	49.51	Si
2	24	1	0	1	0	2	1	1	2	21	78.92	No
1	23	1	1	2	0	1	0	1	5	28	70.84	No
1	28	1	0	4	0	7	0	1	4	17	47.32	Si
1	23	1	0	3	0	4	1	1	5	26	81.93	Si
1	22	1	1	4	0	6	0	0	3	15	55.72	Si
2	118	1	1	1	0	1	1	1	1	0	0	No
1	19	1	0	3	0	5	0	0	5	27	78.05	No
1	118	1	1	2	0	3	0	0	1	5	0	Si
2	26	1	1	1	0	1	1	1	2	12	39.5	No
1	23	1	0	4	0	1	0	0	12	45	51.49	No
1	18	1	1	1	0	1	1	1	5	21	50.33	No
2	23	1	0	3	0	5	0	0	4	16	76.47	No
2	35	1	1	4	0	6	0	0	2	3	75.53	Si
2	118	1	0	3	0	4	1	1	1	10	0	Si
2	20	1	0	3	0	5	0	0	3	12	45.85	No
1	19	1	0	3	0	5	0	0	5	21	31	No
2	19	1	0	3	0	5	0	0	5	21	41.5	No
2	25	1	1	2	0	1	0	1	2	16	59.31	No
2	19	1	1	2	0	1	0	1	5	21	48.22	No
2	118	1	0	1	0	2	1	1	6	19	39.56	No
2	24	1	0	4	0	7	0	1	3	24	67.96	Si
1	22	1	0	1	0	2	1	1	3	24	51.69	No
1	20	1	1	2	0	3	0	0	4	17	64.6	Si
2	23	1	0	1	0	2	1	1	3	29	61.68	No
1	21	1	0	4	0	1	0	0	4	15	48.68	No
2	22	1	1	1	0	1	1	1	5	14	62.18	No
2	20	1	0	4	0	1	0	0	3	24	75.22	No
1	22	1	0	4	0	7	0	1	3	29	68.63	Si
1	21	1	0	3	0	5	0	0	3	24	69.22	No
1	23	1	0	4	0	1	0	0	5	23	75	No
1	29	1	1	2	0	1	0	1	1	0	0	No
1	23	1	0	3	0	4	1	1	5	26	82.45	Si
2	23	1	1	1	0	1	1	1	3	24	74.25	No
2	24	1	1	4	0	6	0	0	5	26	80.54	Si
1	118	1	1	2	0	1	0	1	1	0	0	No
2	27	1	0	3	0	4	1	1	2	0	84.58	Si
2	25	1	0	4	0	7	1	1	2	16	67.96	Si
2	24	1	0	4	0	1	0	0	7	18	69.45	No
2	18	1	0	1	0	2	1	1	6	19	39	No
2	20	1	0	4	0	1	0	0	2	12	59	No
2	19	1	1	2	0	1	0	1	2	9	58.36	No
1	19	1	1	1	0	1	1	1	5	19	46.94	No
1	25	1	0	4	0	7	0	1	3	24	75.19	Si
2	20	1	0	3	0	4	1	1	3	11	59.05	Si
1	18	1	0	4	0	7	1	1	6	19	19	Si
2	22	1	1	4	0	6	0	0	7	18	72.78	Si
1	27	1	1	2	0	3	0	0	2	21	77.49	Si
2	22	1	0	3	0	5	0	0	3	23	70.1	No
1	118	1	0	1	0	2	1	1	5	21	48.8	No
1	22	1	1	2	0	3	0	0	7	18	70.75	Si
2	18	1	0	3	0	5	0	0	6	19	44.09	No
2	20	1	1	1	0	1	1	1	6	19	6.67	No
1	18	1	1	2	0	1	0	1	5	17	40.7	No
2	23	1	0	4	0	7	0	1	5	16	81.96	Si
1	25	1	1	2	0	1	0	1	3	24	65.84	No
2	18	1	0	4	0	1	0	0	5	21	47.5	No
2	27	1	1	1	0	1	1	1	1	80	81.93	Si
1	25	1	0	1	0	2	1	1	3	24	66.72	No
2	19	1	0	1	0	2	1	1	7	21	61.65	No
2	26	1	0	4	0	1	0	0	5	13	52.13	No
2	21	1	0	3	0	4	1	1	3	24	67.09	Si
2	24	1	1	2	0	3	0	0	4	27	59.24	Si
2	24	1	0	1	0	2	1	1	5	23	46.11	No
2	21	1	0	4	0	7	1	1	4	15	57.22	Si
2	18	1	0	4	0	7	0	1	6	19	29	Si
1	18	1	0	4	0	7	1	1	6	19	50.91	Si
2	19	1	0	4	0	1	0	0	6	19	55	No
2	23	1	0	1	0	2	1	1	3	29	63.61	No
1	20	1	1	2	0	1	0	1	5	17	48	No
1	38	1	0	4	0	7	0	1	1	0	93.18	Si
1	19	1	1	4	0	6	0	0	5	9	81.71	Si
2	20	1	0	3	0	4	1	1	1	9	61.31	Si
1	23	1	0	3	0	4	1	1	5	20	72.42	Si
1	20	1	1	2	0	3	0	0	3	17	48.06	Si
2	36	1	0	3	0	5	0	0	1	5	0	No
1	23	1	0	4	0	7	0	1	3	16	45.56	Si
2	25	1	0	3	0	5	0	0	4	17	62.63	No
2	26	1	0	4	0	7	1	1	5	9	57.43	Si
1	118	1	0	4	0	7	1	1	1	15	0	Si
2	27	1	1	1	0	1	1	1	1	5	75.17	No
2	22	1	1	2	0	3	0	0	4	27	64.38	Si
1	22	1	1	1	0	1	1	1	4	27	69.13	No
1	118	1	1	2	0	3	0	0	1	0	0	Si
1	30	1	1	2	0	1	0	1	3	29	60.78	No
1	29	2	0	3	0	5	0	0	3	10	55.15	No
2	118	1	0	4	0	1	0	0	1	0	0	No
1	34	1	1	1	0	1	1	1	1	3	66.41	No
2	21	1	0	4	0	7	0	1	3	24	57.5	Si
1	118	1	1	1	0	1	1	1	1	15	0	No
2	24	1	1	2	0	1	0	1	3	24	78.91	No
1	33	2	1	2	0	3	0	0	1	0	0	Si
2	23	1	1	1	0	1	1	1	5	23	71.09	No
2	20	1	1	2	0	1	0	1	4	17	65.93	No
1	118	1	0	4	0	1	0	0	1	5	0	No
2	26	1	1	4	0	6	0	0	8	20	63.15	Si
1	24	1	0	4	0	7	1	1	2	0	52.16	Si
1	118	1	0	3	0	5	0	0	1	16	0	No
2	118	1	1	2	0	1	0	1	1	10	0	No
1	23	1	0	1	0	2	1	1	4	18	44.56	No
2	23	1	1	1	0	1	1	1	5	16	70.33	No
1	118	1	0	1	0	2	1	1	2	21	0	No
1	20	1	0	4	0	1	0	0	5	27	61	No
2	25	1	1	4	0	6	0	0	7	18	73.28	Si
2	20	1	1	2	0	3	0	0	5	17	39.5	Si
1	18	1	0	1	0	2	1	1	6	19	48	No
2	118	1	1	4	0	6	0	0	2	0	0	Si
1	23	1	0	4	0	1	0	0	8	20	59.24	No
2	23	1	1	2	0	3	0	0	2	16	81.3	Si
1	22	1	1	2	0	3	0	0	7	22	87.05	Si
1	22	1	1	2	0	3	0	0	2	9	29.57	Si
2	21	1	1	4	0	6	0	0	3	29	74.06	Si
2	23	1	0	3	0	4	1	1	5	27	73.47	Si
1	18	1	0	3	0	4	1	1	6	19	48.18	Si
2	20	1	1	2	0	3	0	0	5	23	68.53	Si
1	23	1	0	1	0	2	1	1	7	22	84.09	Si
1	21	1	1	2	0	1	0	1	8	19	76.23	No
1	21	1	0	1	0	2	1	1	3	29	66.41	No
2	23	1	1	4	0	6	0	0	7	22	87.85	Si
2	21	1	0	4	0	7	0	1	6	19	62.81	Si
1	18	1	1	2	0	1	0	1	6	19	53.36	No
2	118	1	1	4	0	6	0	0	1	5	0	Si
1	19	1	0	1	0	2	1	1	5	27	74.58	No
2	118	1	0	1	0	2	1	1	1	0	0	No
2	25	1	0	4	0	7	0	1	4	9	63.78	Si
2	21	1	1	1	0	1	1	1	2	9	70.17	No
2	28	1	1	2	0	1	0	1	6	24	96.24	Si
1	37	1	0	4	0	7	1	1	1	30	0	Si
1	19	1	1	2	0	3	0	0	4	16	64.82	Si
2	24	1	1	4	0	6	0	0	2	21	80.42	Si
2	22	1	0	4	0	7	1	1	1	5	66.17	Si
2	23	1	0	1	0	2	1	1	8	20	62.43	No
1	20	1	0	4	0	1	0	0	5	23	57.69	No
2	118	1	1	4	0	6	0	0	5	21	42.89	Si
1	20	1	0	3	0	4	1	1	3	24	66.2	Si
1	24	1	0	4	0	7	1	1	5	16	80.86	Si
2	22	1	0	3	0	5	0	0	5	23	72.14	No
1	25	1	1	1	0	1	1	1	3	29	68.26	No
1	28	1	0	4	0	1	0	0	42	135	40.32	No
1	20	1	1	1	0	1	1	1	4	16	73.18	No
1	22	1	0	4	0	1	0	0	5	15	52.87	No
2	22	1	0	4	0	1	0	0	1	1	87.56	Si
2	19	1	1	4	0	6	0	0	3	12	32.45	Si
2	23	1	0	4	0	7	1	1	5	23	74.9	Si
1	21	1	0	4	0	7	0	1	5	27	68.19	Si
2	22	1	0	4	0	7	1	1	2	15	73.12	Si
1	36	1	0	3	0	5	0	0	1	10	56.37	No
2	21	1	1	2	0	3	0	0	2	8	40.44	Si
1	19	1	0	3	0	4	1	1	3	17	71.27	Si
2	22	1	0	1	0	2	1	1	3	10	36.76	No
2	27	1	1	2	0	3	0	0	4	27	61	Si
2	24	1	0	3	0	4	1	1	5	18	73.93	Si
2	20	1	1	1	0	1	1	1	3	9	60.87	No
1	21	1	1	4	0	6	0	0	3	17	69.9	Si
1	118	1	0	4	0	7	1	1	6	19	41.82	Si
2	28	1	1	2	0	3	0	0	2	0	0	Si
2	29	1	1	1	0	1	1	1	1	5	54.92	No
2	20	1	1	2	0	3	0	0	1	12	66.25	Si
1	21	1	0	1	0	2	1	1	5	23	55.33	No
1	37	1	1	2	0	1	0	1	1	0	69.75	No
1	22	1	1	2	0	1	0	1	1	4	57.33	No
1	18	1	0	4	0	1	0	0	5	21	40.33	No
2	118	1	1	2	0	3	0	0	1	0	0	Si
2	19	1	0	4	0	7	0	1	6	19	47.55	Si
2	21	1	1	2	0	3	0	0	3	24	69.08	Si
1	20	1	0	4	0	1	0	0	5	21	45	No
1	29	1	0	3	0	5	0	0	1	3	81.81	Si
1	19	1	1	2	0	3	0	0	3	13	64.69	Si
1	23	1	0	4	0	7	0	1	1	4	68.22	Si
2	22	1	1	2	0	3	0	0	4	27	67.43	Si
2	22	1	1	1	0	1	1	1	5	23	77.46	No
2	25	1	0	4	0	7	1	1	2	16	66.46	Si
1	39	1	1	4	0	6	0	0	1	2	65.24	Si
1	37	1	0	4	0	7	1	1	5	36	38.71	Si
1	20	1	0	4	0	1	0	0	6	17	73.21	No
2	19	1	0	4	0	7	1	1	3	12	60.35	Si
1	25	1	1	1	0	1	1	1	5	26	80.27	Si
1	118	1	0	4	0	1	0	0	1	0	0	No
1	22	1	0	3	0	5	0	0	8	19	72.17	No
1	23	1	1	2	0	1	0	1	2	15	58.74	No
1	25	1	0	3	0	4	1	1	3	24	73.78	Si
2	24	1	0	4	0	7	1	1	7	22	86.35	Si
2	21	1	0	1	0	2	1	1	5	27	82.56	Si
1	29	1	1	4	0	6	0	0	1	0	0	Si
2	25	1	0	4	0	7	0	1	2	0	79.61	Si
2	25	1	0	3	0	4	1	1	5	28	47.61	Si
1	35	1	1	4	0	6	0	0	5	20	59.24	Si
1	20	1	0	3	0	4	1	1	5	19	45.38	Si
1	22	1	0	4	0	7	1	1	3	21	50.62	Si
2	19	1	0	1	0	2	1	1	6	19	42.33	No
1	18	1	1	2	0	3	0	0	5	21	48.67	Si
2	26	1	1	1	0	1	1	1	2	21	73.07	No
1	118	1	0	4	0	1	0	0	1	0	0	No
1	118	1	0	1	0	2	1	1	1	0	0	No
1	21	1	0	3	0	4	1	1	3	24	80.05	Si
1	118	1	0	4	0	7	0	1	1	5	0	Si
1	23	1	0	1	0	2	1	1	3	24	78.21	No
1	21	1	1	4	0	6	0	0	5	17	73.86	Si
1	20	1	1	2	0	1	0	1	3	24	67.09	No
2	31	1	1	2	0	1	0	1	1	10	0	No
2	23	1	1	1	0	1	1	1	3	24	78.89	No
2	20	1	0	3	0	5	0	0	5	23	54.67	No
2	118	1	0	4	0	1	0	0	1	0	0	No
1	21	1	1	4	0	6	0	0	3	29	75.43	Si
2	21	1	1	2	0	3	0	0	3	24	62.14	Si
1	24	1	0	1	0	2	1	1	3	24	69.14	No
2	21	1	1	4	0	6	0	0	5	23	55.93	Si
2	18	1	1	4	0	6	0	0	6	19	47.91	Si
2	26	1	1	2	0	1	0	1	4	24	70.07	No
2	21	1	1	1	0	1	1	1	4	15	63.41	No
1	118	1	1	4	0	6	0	0	1	0	0	Si
2	22	1	0	4	0	7	1	1	5	23	84	Si
2	23	1	1	4	0	6	0	0	5	23	69.26	Si
1	118	1	1	2	0	1	0	1	1	3	0	No
1	24	1	1	2	0	3	0	0	3	24	75.76	Si
2	23	1	0	4	0	1	0	0	5	26	86.1	Si
1	118	1	0	3	0	4	1	1	1	16	0	Si
1	27	1	1	2	0	3	0	0	1	5	79.22	Si
1	23	1	0	3	0	5	0	0	1	4	74.83	No
1	20	1	1	2	0	1	0	1	5	18	54.13	No
2	18	1	0	4	0	7	1	1	6	19	52.9	Si
2	19	1	1	1	0	1	1	1	5	23	52.87	No
2	37	1	1	2	0	1	0	1	1	3	0	No
2	21	1	0	3	0	4	1	1	6	19	53	Si
1	18	1	1	2	0	3	0	0	6	19	44.78	Si
1	19	1	0	3	0	5	0	0	3	13	57.22	No
2	33	1	0	4	0	1	0	0	1	3	0	No
2	19	1	0	1	0	2	1	1	1	4	57.58	No
1	20	1	1	2	0	3	0	0	4	15	54.54	Si
2	29	1	1	2	0	1	0	1	3	24	80.6	Si
2	19	1	0	1	0	2	1	1	4	15	53.83	No
1	25	1	0	4	0	1	0	0	5	16	76.48	No
2	24	1	0	4	0	7	1	1	3	24	76.13	Si
2	18	1	0	3	0	4	1	1	6	19	44.89	Si
2	22	1	0	4	0	1	0	0	2	6	46.13	No
1	20	1	1	2	0	3	0	0	5	21	26	Si
2	24	1	1	2	0	3	0	0	6	31	62.26	Si
2	21	1	0	1	0	2	1	1	5	23	64.93	No
1	18	1	0	4	0	7	1	1	6	19	60.29	Si
2	19	1	1	4	0	6	0	0	4	21	56.33	Si
1	23	1	0	4	0	7	0	1	5	26	82.11	Si
1	22	1	1	1	0	1	1	1	3	11	52.37	No
1	24	1	0	4	0	7	1	1	5	28	71.47	Si
1	18	1	0	4	0	7	0	1	3	9	55.73	Si
1	22	1	0	4	0	7	1	1	3	12	59.76	Si
2	22	1	0	1	0	2	1	1	2	15	68.24	No
1	24	1	0	4	0	1	0	0	5	28	64.64	No
1	20	1	0	3	0	5	0	0	6	18	67.44	No
2	19	1	0	1	0	2	1	1	2	8	51.73	No
1	21	1	0	1	0	2	1	1	3	10	65.95	No
2	22	1	1	1	0	1	1	1	6	22	55	No
1	23	1	0	1	0	2	1	1	2	16	78.3	No
1	118	1	0	3	0	5	0	0	1	3	0	No
1	24	1	0	1	0	2	1	1	5	28	62.16	No
1	23	1	1	4	0	6	0	0	3	24	73	Si
1	23	1	1	2	0	1	0	1	8	19	70.55	No
2	20	1	1	2	0	3	0	0	4	16	63.28	Si
1	24	1	1	1	0	1	1	1	2	13	64.41	No
2	26	1	1	2	0	1	0	1	2	16	66.19	No
2	23	1	0	4	0	7	1	1	3	29	73.06	Si
2	21	1	0	4	0	7	0	1	3	24	62.88	Si
1	20	1	1	2	0	3	0	0	5	27	67.79	Si
2	21	1	1	1	0	1	1	1	4	23	65.59	No
1	19	1	0	3	0	4	1	1	5	23	56.6	Si
2	23	1	1	4	0	6	0	0	7	17	72.19	Si
2	21	1	1	4	0	6	0	0	3	24	48.21	Si
2	31	1	0	4	0	1	0	0	1	0	0	No
2	20	1	1	4	0	6	0	0	4	15	75.29	Si
1	21	1	1	4	0	6	0	0	3	10	55.11	Si
2	21	1	1	2	0	3	0	0	5	23	67.09	Si
1	22	1	0	3	0	4	1	1	1	12	65.95	Si
1	17	1	1	2	0	1	0	1	6	19	54.5	No
1	118	1	0	3	0	5	0	0	1	5	0	No
2	118	1	0	3	0	5	0	0	1	0	0	No
1	19	1	0	4	0	1	0	0	3	16	61.12	No
1	33	1	0	3	0	5	0	0	4	16	73.82	No
1	19	1	1	4	0	6	0	0	5	27	76.42	Si
2	20	1	0	3	0	5	0	0	4	27	76.12	No
2	18	1	0	4	0	1	0	0	6	19	48.91	No
1	21	1	0	4	0	7	1	1	8	19	73.29	Si
2	20	1	1	4	0	6	0	0	5	27	74.37	Si
2	23	1	0	1	0	2	1	1	1	5	68.18	No
1	18	1	1	1	0	1	1	1	5	21	45.89	No
2	23	1	1	2	0	3	0	0	1	5	66.41	Si
1	19	1	1	2	0	1	0	1	5	27	76.53	No
2	23	1	0	4	0	7	0	1	7	18	72.37	Si
1	25	1	1	4	0	6	0	0	5	26	79.2	Si
2	118	1	0	4	0	1	0	0	1	80	0	No
1	24	1	1	1	0	1	1	1	5	26	84.56	Si
2	35	1	1	2	0	1	0	1	2	6	0	No
2	32	1	0	1	0	2	1	1	4	16	77.31	No
2	19	1	0	4	0	7	0	1	8	26	44.31	Si
2	23	1	1	4	0	6	0	0	5	28	71	Si
1	19	1	0	3	0	4	1	1	5	27	70.95	Si
1	23	1	1	1	0	1	1	1	5	28	50.64	No
2	20	1	1	4	0	6	0	0	5	27	68.61	Si
1	21	1	0	3	0	4	1	1	6	19	46	Si
1	19	1	1	2	0	3	0	0	2	9	41.86	Si
2	118	1	1	2	0	1	0	1	1	3	0	No
1	28	1	0	4	0	1	0	0	1	0	83.81	Si
2	32	5	0	3	0	5	0	0	1	0	0	No
2	26	1	0	4	0	1	0	0	1	16	78.81	No
2	20	1	0	3	0	5	0	0	1	6	71.5	No
2	22	1	0	3	0	4	1	1	8	20	62.62	Si
2	20	1	0	1	0	2	1	1	5	27	64.57	No
2	33	1	0	3	0	4	1	1	4	16	79.6	Si
2	19	1	0	3	0	4	1	1	2	9	45	Si
1	25	1	0	4	0	1	0	0	2	16	72.02	No
2	20	1	0	3	0	5	0	0	3	12	73.85	No
2	24	1	0	4	0	7	1	1	3	24	86.95	Si
1	21	1	1	2	0	3	0	0	4	10	71.71	Si
1	23	1	0	4	0	7	0	1	1	10	83.32	Si
2	118	1	0	3	0	4	1	1	1	5	0	Si
1	118	1	1	2	0	1	0	1	1	10	0	No
1	19	1	0	4	0	1	0	0	5	27	77.16	No
1	18	1	0	3	0	5	0	0	6	19	47.82	No
1	19	1	0	3	0	5	0	0	4	16	61.06	No
2	23	1	1	2	0	3	0	0	4	12	57.16	Si
2	23	1	0	4	0	7	1	1	7	22	82.18	Si
2	20	1	0	3	0	4	1	1	5	19	32.56	Si
2	118	1	0	3	0	4	1	1	5	23	59.44	Si
1	25	1	0	4	0	1	0	0	4	27	68.85	No
2	19	1	1	4	0	6	0	0	3	11	60.13	Si
2	22	1	1	1	0	1	1	1	4	27	78.12	No
2	23	1	0	4	0	7	0	1	7	17	59.57	Si
1	26	1	0	3	0	4	1	1	2	25	42.15	Si
1	27	1	0	3	0	5	0	0	1	5	79.63	Si
1	19	1	0	4	0	7	1	1	3	12	46.71	Si
1	118	1	1	2	0	1	0	1	1	5	0	No
2	22	1	0	4	0	1	0	0	5	19	61.02	No
2	18	1	1	4	0	6	0	0	6	19	50.18	Si
2	27	1	0	4	0	7	0	1	2	16	70.32	Si
2	25	1	1	4	0	6	0	0	2	7	31.31	Si
1	19	1	1	2	0	1	0	1	5	17	45.9	No
2	25	1	0	1	0	2	1	1	2	21	75.65	No
1	22	1	1	1	0	1	1	1	3	24	69.04	No
2	23	1	0	4	0	1	0	0	3	14	59.06	No
2	23	1	0	4	0	7	1	1	3	24	73.87	Si
2	19	1	1	1	0	1	1	1	1	5	43.83	No
2	118	1	1	1	0	1	1	1	1	10	0	No
1	23	1	1	2	0	1	0	1	2	12	31.63	No
2	20	1	0	4	0	7	0	1	6	19	41.7	Si
1	26	1	0	4	0	7	1	1	4	27	69.75	Si
2	34	1	0	3	0	5	0	0	1	0	0	No
1	20	1	1	2	0	3	0	0	1	6	72	Si
2	20	1	1	1	0	1	1	1	3	17	65.85	No
1	26	1	1	4	0	6	0	0	1	16	82.19	Si
1	24	1	0	4	0	7	0	1	8	30	78.85	Si
2	118	1	0	4	0	7	1	1	1	16	0	Si
2	24	1	1	2	0	1	0	1	8	30	71.29	No
2	26	1	0	3	0	4	1	1	3	8	60.48	Si
1	23	1	0	3	0	5	0	0	1	10	86.77	Si
1	25	1	0	1	0	2	1	1	2	19	42.53	No
1	23	1	0	1	0	2	1	1	5	28	71.43	No
2	19	1	1	1	0	1	1	1	6	19	50.13	No
2	18	1	0	3	0	5	0	0	5	21	41.44	No
1	19	1	1	2	0	1	0	1	4	16	68.76	No
1	24	1	1	2	0	1	0	1	2	6	61.31	No
2	25	1	0	3	0	4	1	1	2	21	75.4	Si
2	30	1	0	4	0	7	1	1	2	24	45.5	Si
2	24	1	1	4	0	6	0	0	2	16	71.63	Si
2	20	1	0	1	0	2	1	1	5	27	76.05	No
2	28	1	0	3	0	4	1	1	8	30	70.78	Si
1	19	1	0	4	0	1	0	0	5	23	60.5	No
2	26	1	0	4	0	1	0	0	1	16	80.4	Si
2	18	1	1	1	0	1	1	1	6	19	48	No
2	118	1	0	3	0	4	1	1	1	5	0	Si
2	22	1	0	4	0	7	1	1	5	28	73.89	Si
1	49	1	0	4	0	7	1	1	1	0	0	Si
1	21	1	0	3	0	4	1	1	4	27	71.38	Si
1	18	1	0	3	0	5	0	0	4	17	38.75	No
2	25	1	1	4	0	6	0	0	5	14	82.46	Si
2	19	1	1	1	0	1	1	1	5	21	44.56	No
2	24	1	1	1	0	1	1	1	3	21	83.98	Si
2	19	1	0	3	0	4	1	1	6	19	47	Si
2	30	1	0	1	0	2	1	1	5	9	44.45	No
2	19	1	1	2	0	3	0	0	3	12	47.79	Si
1	24	1	1	2	0	1	0	1	1	5	79.21	Si
1	20	1	1	2	0	3	0	0	6	19	44.67	Si
2	19	1	0	3	0	4	1	1	2	12	63.5	Si
2	23	1	1	4	0	6	0	0	3	6	74.22	Si
2	20	1	1	2	0	1	0	1	2	8	60	No
2	24	1	1	1	0	1	1	1	3	24	76.15	No
2	19	1	0	4	0	7	0	1	5	27	73.58	Si
2	28	1	1	4	0	6	0	0	1	30	69.42	Si
2	31	1	0	1	0	2	1	1	1	3	75.45	No
2	22	1	0	3	0	5	0	0	5	23	71.07	No
1	25	1	0	3	0	5	0	0	1	5	82.34	Si
1	21	1	0	1	0	2	1	1	5	17	64.56	No
1	24	1	0	3	0	5	0	0	3	37	71.93	No
1	18	1	0	4	0	7	0	1	5	21	44.78	Si
2	18	1	0	4	0	7	0	1	5	19	37.44	Si
2	24	1	0	1	0	2	1	1	4	11	48	No
1	19	1	0	3	0	4	1	1	6	19	45.18	Si
1	18	1	1	1	0	1	1	1	8	26	71.25	No
2	30	1	1	1	0	1	1	1	6	24	94.76	Si
2	25	1	0	4	0	7	1	1	7	18	61.92	Si
2	118	1	0	4	0	7	0	1	1	0	0	Si
1	23	1	1	2	0	1	0	1	5	14	88.83	Si
2	22	1	1	2	0	1	0	1	3	11	65.09	No
1	19	1	0	4	0	7	0	1	2	11	70.69	Si
1	20	1	0	4	0	7	1	1	3	15	63	Si
2	32	1	0	4	0	7	0	1	3	12	42.57	Si
1	19	1	0	3	0	5	0	0	3	11	57.63	No
2	118	1	1	2	0	1	0	1	1	80	0	No
1	118	1	0	1	0	2	1	1	1	3	0	No
1	30	1	0	4	0	1	0	0	3	0	61.02	No
1	118	1	1	4	0	6	0	0	1	5	0	Si
2	22	1	1	2	0	1	0	1	4	25	70.09	No
1	23	1	0	4	0	7	1	1	8	20	67.5	Si
1	21	1	1	2	0	3	0	0	3	12	60.59	Si
2	22	1	1	2	0	1	0	1	5	28	70.97	No
1	20	1	0	4	0	7	0	1	5	21	42.78	Si
1	19	1	0	4	0	7	1	1	4	16	70.59	Si
2	20	1	1	2	0	3	0	0	6	19	54.33	Si
1	19	1	0	4	0	7	0	1	6	21	51.09	Si
1	25	1	0	4	0	7	1	1	1	0	0	Si
1	19	1	0	4	0	7	1	1	7	24	61.57	Si
2	19	1	1	2	0	3	0	0	7	23	43.18	Si
2	20	1	0	4	0	7	0	1	6	19	46.91	Si
1	24	1	0	4	0	1	0	0	1	16	77.13	No
1	118	1	1	2	0	3	0	0	1	0	0	Si
2	19	1	0	4	0	7	0	1	4	14	55.33	Si
2	24	1	1	1	0	1	1	1	5	13	72.46	No
1	18	1	0	4	0	7	1	1	8	26	43.25	Si
1	24	1	1	4	0	6	0	0	1	8	78.53	Si
1	21	1	0	4	0	7	1	1	4	27	75.58	Si
2	21	1	0	3	0	4	1	1	6	23	56.64	Si
2	118	1	0	4	0	7	1	1	1	0	0	Si
1	23	1	0	4	0	7	0	1	2	18	62.2	Si
2	19	1	0	4	0	1	0	0	5	23	67.53	No
1	25	1	0	4	0	7	0	1	1	16	75.8	Si
1	23	1	0	3	0	5	0	0	2	16	75.64	No
2	19	1	1	2	0	3	0	0	5	17	45.6	Si
2	20	1	0	4	0	7	0	1	5	17	35.89	Si
1	118	1	1	4	0	6	0	0	1	16	0	Si
2	21	1	1	2	0	1	0	1	3	29	74	No
2	19	1	1	1	0	1	1	1	8	26	43.92	No
2	28	1	1	1	0	1	1	1	1	3	70.32	No
1	19	1	1	2	0	3	0	0	3	13	60.33	Si
2	20	1	0	3	0	5	0	0	6	19	52.55	No
2	23	1	0	4	0	7	1	1	2	16	70.63	Si
1	19	1	0	4	0	1	0	0	6	19	50	No
2	23	1	1	2	0	1	0	1	2	21	77.56	No
2	19	1	0	4	0	7	1	1	6	19	33.78	Si
2	20	1	0	1	0	2	1	1	5	27	71.89	No
1	21	1	0	3	0	4	1	1	6	18	79.43	Si
1	22	1	1	2	0	3	0	0	5	28	81.97	Si
2	21	1	0	4	0	7	0	1	3	13	54.42	Si
2	24	1	0	3	0	4	1	1	2	18	40.17	Si
2	25	1	1	2	0	1	0	1	1	0	67.59	No
1	22	1	0	3	0	4	1	1	6	19	37.33	Si
2	26	1	0	4	0	7	0	1	2	16	66.96	Si
2	22	1	1	2	0	3	0	0	5	17	75.32	Si
2	18	1	0	1	0	2	1	1	5	21	46.11	No
2	118	1	0	4	0	1	0	0	1	5	0	No
1	23	1	0	1	0	2	1	1	3	24	78.85	No
2	20	1	0	3	0	5	0	0	1	6	56.55	No
2	20	1	1	4	0	6	0	0	7	20	66.47	Si
2	18	1	0	4	0	7	0	1	5	21	47.5	Si
1	22	1	0	4	0	7	0	1	6	17	57.82	Si
2	22	1	0	3	0	5	0	0	8	19	73.7	No
1	19	1	0	1	0	2	1	1	3	11	52.75	No
2	21	1	1	2	0	1	0	1	2	25	65.71	No
1	19	1	1	1	0	1	1	1	8	26	45.63	No
1	21	1	1	2	0	1	0	1	2	18	70.1	No
1	25	1	0	4	0	1	0	0	2	16	64.39	No
1	22	1	0	4	0	1	0	0	7	22	79.41	Si
2	24	1	0	3	0	5	0	0	1	10	86.13	Si
1	23	1	0	4	0	1	0	0	3	24	64.45	No
2	118	1	1	2	0	3	0	0	1	5	0	Si
1	20	1	0	4	0	7	1	1	5	21	34.33	Si
2	20	1	0	1	0	2	1	1	4	14	66.81	No
1	30	1	0	3	0	4	1	1	1	0	87.89	Si
1	18	1	1	1	0	1	1	1	5	21	42.33	No
2	20	1	1	2	0	3	0	0	6	19	45.78	Si
1	20	1	0	3	0	4	1	1	2	14	70.89	Si
2	22	1	0	4	0	1	0	0	5	28	80.44	Si
2	18	1	0	3	0	4	1	1	6	19	47.82	Si
1	21	1	1	4	0	6	0	0	3	24	66.17	Si
2	19	1	1	4	0	6	0	0	3	11	51.5	Si
1	22	1	0	3	0	4	1	1	7	18	76.31	Si
1	25	1	1	2	0	1	0	1	3	24	66.24	No
1	21	1	0	4	0	7	1	1	6	31	37.68	Si
1	23	1	1	2	0	3	0	0	2	8	65.4	Si
2	23	1	0	3	0	4	1	1	5	26	83.81	Si
2	26	1	0	4	0	7	0	1	3	24	68.19	Si
2	21	1	0	3	0	5	0	0	3	24	70.65	No
1	24	1	1	4	0	6	0	0	3	80	0	Si
2	21	1	0	4	0	7	1	1	3	29	68.77	Si
2	19	1	1	2	0	3	0	0	5	23	61.93	Si
1	21	1	0	3	0	4	1	1	3	24	70.57	Si
1	19	1	1	4	0	6	0	0	2	10	55.2	Si
1	19	1	0	4	0	7	1	1	3	9	57.33	Si
1	22	1	1	1	0	1	1	1	3	24	64.48	No
1	23	1	0	3	0	5	0	0	4	17	57.88	No
2	20	1	0	1	0	2	1	1	2	12	64.06	No
2	27	1	0	4	0	7	0	1	5	17	69.88	Si
1	18	1	1	4	0	6	0	0	6	19	51	Si
2	19	1	1	4	0	6	0	0	5	21	51.11	Si
2	22	1	1	2	0	3	0	0	3	29	70.35	Si
2	19	1	0	1	0	2	1	1	8	26	34.75	No
2	22	1	0	3	0	4	1	1	5	26	75.29	Si
1	20	1	0	1	0	2	1	1	2	11	61.5	No
1	21	1	1	1	0	1	1	1	3	29	72.32	No
1	24	1	0	4	0	7	1	1	2	16	71.92	Si
2	22	1	0	3	0	4	1	1	5	28	69.15	Si
2	20	1	0	1	0	2	1	1	4	17	39.22	No
1	22	1	0	4	0	1	0	0	4	27	79.73	Si
1	20	1	1	2	0	1	0	1	3	17	66.4	No
2	21	1	0	3	0	5	0	0	4	17	54.5	No
2	21	1	0	3	0	5	0	0	3	24	66.79	No
2	27	1	1	2	0	3	0	0	1	16	74.08	Si
2	18	1	0	4	0	1	0	0	6	19	12.92	No
2	18	1	0	3	0	4	1	1	6	19	52.11	Si
1	18	1	1	2	0	3	0	0	5	21	55.14	Si
2	18	1	1	4	0	6	0	0	6	19	52.64	Si
2	23	1	1	2	0	3	0	0	1	5	53.3	Si
2	26	1	1	2	0	3	0	0	8	19	76.04	Si
1	118	1	1	2	0	3	0	0	6	19	51.67	Si
1	22	1	1	1	0	1	1	1	8	31	70.06	No
1	44	1	1	4	0	6	0	0	4	16	80.83	Si
1	24	1	0	4	0	7	0	1	7	22	81.52	Si
1	21	1	0	3	0	4	1	1	1	4	44.79	Si
1	23	1	1	2	0	3	0	0	5	26	77.49	Si
1	22	1	1	4	0	6	0	0	3	7	69.41	Si
1	20	1	1	2	0	1	0	1	4	16	65.55	No
2	25	1	1	4	0	6	0	0	1	3	56.67	Si
2	19	1	1	2	0	1	0	1	4	15	60.27	No
2	20	1	1	2	0	3	0	0	4	21	55.06	Si
2	22	1	0	1	0	2	1	1	3	22	69	No
1	25	1	0	4	0	7	1	1	1	16	74.57	Si
1	22	1	1	1	0	1	1	1	5	26	87.54	Si
1	19	1	0	3	0	5	0	0	4	12	48	No
2	19	1	1	1	0	1	1	1	6	19	54	No
1	118	1	1	1	0	1	1	1	1	5	0	No
1	24	1	1	2	0	1	0	1	2	18	48.03	No
1	21	1	0	1	0	2	1	1	7	21	77.33	No
1	19	1	0	4	0	1	0	0	6	19	40.22	No
2	118	1	0	4	0	7	0	1	1	0	0	Si
1	21	1	1	2	0	3	0	0	5	17	63.21	Si
1	23	1	1	4	0	6	0	0	2	25	59.6	Si
2	22	1	1	2	0	1	0	1	3	17	64.69	No
2	30	1	0	4	0	1	0	0	3	13	46.57	No
2	19	1	1	2	0	1	0	1	3	11	57.29	No
1	29	1	0	4	0	1	0	0	2	0	77.11	No
1	24	1	0	4	0	7	1	1	6	20	70.29	Si
1	20	1	0	3	0	5	0	0	3	12	48.93	No
1	118	1	0	3	0	5	0	0	1	5	0	No
1	28	1	0	3	0	5	0	0	1	5	67.08	No
2	25	1	1	2	0	3	0	0	5	23	69.59	Si
2	33	1	1	1	0	1	1	1	4	16	71.93	No
1	21	1	1	2	0	3	0	0	3	29	69.78	Si
1	22	1	0	1	0	2	1	1	3	29	73.03	No
1	21	1	0	3	0	4	1	1	6	19	44.64	Si
1	24	1	1	1	0	1	1	1	3	24	66.92	No
2	21	1	0	3	0	4	1	1	8	31	34.83	Si
2	33	1	0	3	0	5	0	0	6	19	52	No
2	23	1	0	1	0	2	1	1	3	24	57.79	No
1	25	1	0	4	0	7	1	1	4	27	53.2	Si
2	23	1	0	4	0	7	1	1	7	22	76.6	Si
2	21	1	0	3	0	4	1	1	4	12	56.35	Si
1	30	1	0	4	0	7	0	1	5	18	39.65	Si
2	21	1	0	4	0	7	1	1	3	24	71.38	Si
1	21	1	1	4	0	6	0	0	1	9	68.97	Si
2	21	1	1	1	0	1	1	1	4	16	67.41	No
1	24	1	0	3	0	5	0	0	8	30	76.02	No
2	21	1	1	2	0	3	0	0	2	10	56.33	Si
1	19	1	0	4	0	1	0	0	4	15	55.62	No
2	21	1	1	1	0	1	1	1	3	12	62.9	No
2	21	1	0	3	0	4	1	1	3	15	56.71	Si
1	22	1	1	2	0	1	0	1	7	18	74.29	No
1	21	1	1	2	0	1	0	1	6	20	68.92	No
2	20	1	0	4	0	7	1	1	4	16	69.17	Si
2	20	1	1	1	0	1	1	1	4	15	46.79	No
2	23	1	1	4	0	6	0	0	8	30	75.45	Si
2	32	1	0	1	0	2	1	1	4	27	60.82	No
1	20	1	1	1	0	1	1	1	3	9	68.33	No
2	21	1	0	4	0	7	0	1	4	13	63.7	Si
1	24	1	1	2	0	1	0	1	3	24	75.02	No
2	20	1	0	1	0	2	1	1	4	16	65.35	No
2	118	1	0	3	0	5	0	0	1	5	0	No
2	22	1	0	4	0	1	0	0	3	11	44.79	No
2	24	1	0	4	0	7	1	1	5	23	53.91	Si
1	118	1	1	2	0	1	0	1	1	3	0	No
2	19	1	1	4	0	6	0	0	1	5	64.13	Si
2	19	1	0	4	0	1	0	0	6	19	44.73	No
2	23	1	0	4	0	7	0	1	2	9	27.67	Si
2	118	1	0	4	0	1	0	0	1	5	0	No
2	20	1	1	2	0	3	0	0	5	21	44.22	Si
2	21	1	0	3	0	4	1	1	2	12	61.85	Si
2	19	1	0	3	0	5	0	0	5	21	44	No
2	19	1	1	1	0	1	1	1	6	19	47.91	No
2	23	1	1	2	0	3	0	0	5	14	86.55	Si
1	23	1	1	2	0	3	0	0	3	12	48.18	Si
1	18	1	0	3	0	4	1	1	6	19	47	Si
2	21	1	0	4	0	7	0	1	4	27	63	Si
2	18	1	0	3	0	4	1	1	4	17	46.42	Si
2	29	1	1	4	0	6	0	0	1	8	78.89	Si
2	118	1	0	3	0	4	1	1	1	0	0	Si
2	118	1	1	2	0	3	0	0	1	5	0	Si
2	30	1	0	4	0	1	0	0	1	0	78.11	No
2	19	1	0	4	0	1	0	0	2	8	56.62	No
2	26	1	0	4	0	7	0	1	7	18	67.78	Si
1	26	1	0	4	0	1	0	0	5	16	66.06	No
2	22	1	0	1	0	2	1	1	3	29	71.26	No
1	22	1	1	2	0	3	0	0	6	31	60.74	Si
1	19	1	1	1	0	1	1	1	5	21	49.56	No
2	20	1	0	3	0	4	1	1	4	13	43.4	Si
2	22	1	0	4	0	1	0	0	5	28	72.5	No
1	18	1	0	4	0	7	1	1	4	15	75.94	Si
2	26	1	0	4	0	7	0	1	3	24	65.3	Si
1	118	1	0	3	0	4	1	1	1	15	0	Si
2	22	1	0	1	0	2	1	1	5	4	69.61	No
1	19	1	0	3	0	4	1	1	1	4	44	Si
1	118	1	1	1	0	1	1	1	2	0	0	No
1	19	1	1	2	0	3	0	0	4	15	55.33	Si
2	23	1	1	2	0	1	0	1	3	24	74.46	No
1	18	1	1	4	0	6	0	0	6	19	47.18	Si
1	27	1	1	1	0	1	1	1	1	5	42.39	No
2	22	1	1	4	0	6	0	0	1	9	64.58	Si
1	22	1	0	4	0	7	1	1	5	14	82.6	Si
2	23	1	0	4	0	7	0	1	5	26	97.44	Si
2	25	1	0	3	0	4	1	1	2	7	52.75	Si
1	23	1	0	1	0	2	1	1	5	26	84.69	Si
2	20	1	0	3	0	4	1	1	2	9	52	Si
1	22	1	1	4	0	6	0	0	7	12	74.88	Si
1	26	1	1	2	0	3	0	0	5	13	68.76	Si
2	19	1	0	4	0	1	0	0	5	23	67.86	No
2	20	1	1	2	0	1	0	1	5	18	59	No
1	22	1	1	2	0	3	0	0	5	16	82.22	Si
2	23	1	1	2	0	3	0	0	8	20	62.29	Si
2	26	1	1	1	0	1	1	1	3	29	47.93	No
2	40	1	0	1	0	2	1	1	4	15	57.16	No
1	21	1	1	1	0	1	1	1	1	4	55.18	No
2	21	1	0	4	0	1	0	0	3	29	68.61	No
2	21	1	0	3	0	5	0	0	4	15	70.53	No
2	20	1	0	4	0	1	0	0	4	25	68.29	No
1	22	1	0	4	0	1	0	0	7	17	65.25	No
1	22	1	0	3	0	4	1	1	5	28	68.79	Si
2	23	1	1	2	0	3	0	0	5	16	74.68	Si
1	25	1	0	1	0	2	1	1	5	13	71.67	No
1	31	1	0	3	0	5	0	0	2	16	75.86	No
1	24	1	0	4	0	7	0	1	2	16	74.89	Si
2	25	1	1	1	0	1	1	1	3	24	69.36	No
1	21	1	1	2	0	1	0	1	4	27	78.23	No
2	24	1	0	3	0	5	0	0	3	24	75.19	No
2	20	1	0	4	0	7	1	1	3	11	54.19	Si
2	28	1	1	2	0	1	0	1	1	16	79.61	Si
1	23	1	1	2	0	3	0	0	1	1	77.72	Si
1	25	1	0	4	0	7	0	1	7	20	61.46	Si
1	118	1	0	3	0	4	1	1	1	15	0	Si
1	22	1	1	1	0	1	1	1	8	19	69.85	No
1	118	1	0	4	0	7	1	1	2	0	0	Si
2	21	1	0	3	0	4	1	1	3	13	61.87	Si
1	22	1	1	1	0	1	1	1	3	29	71.94	No
2	23	1	0	3	0	4	1	1	8	20	69.38	Si
2	118	1	1	2	0	1	0	1	1	0	0	No
1	31	1	1	2	0	1	0	1	1	5	79.37	Si
1	25	1	0	4	0	7	0	1	2	16	79.94	Si
2	26	1	1	2	0	3	0	0	1	16	73.51	Si
1	20	1	0	4	0	7	1	1	7	20	60.35	Si
2	20	1	1	2	0	1	0	1	3	24	68.79	No
2	23	1	1	2	0	1	0	1	1	3	0	No
2	21	1	1	2	0	1	0	1	3	24	69.21	No
1	22	1	1	4	0	6	0	0	5	14	73.78	Si
2	22	1	1	2	0	3	0	0	4	17	48.87	Si
2	28	1	1	2	0	3	0	0	1	5	76.7	Si
2	27	1	0	3	0	4	1	1	3	24	76.91	Si
1	25	1	0	4	0	1	0	0	2	16	68.43	No
2	24	1	0	4	0	7	0	1	3	10	60.79	Si
2	22	1	1	1	0	1	1	1	5	12	72.05	No
2	21	1	1	2	0	1	0	1	5	23	59.56	No
2	23	1	0	4	0	7	1	1	7	18	72.39	Si
2	22	1	1	1	0	1	1	1	3	29	68.67	No
1	18	1	0	3	0	5	0	0	5	21	46.29	No
1	20	1	1	4	0	6	0	0	4	15	56.83	Si
2	118	1	0	4	0	1	0	0	1	3	0	No
2	32	1	0	3	0	4	1	1	1	0	0	Si
1	27	1	0	3	0	4	1	1	2	21	79.76	Si
2	26	1	0	1	0	2	1	1	1	16	76.61	No
2	23	1	1	1	0	1	1	1	6	27	53.75	No
2	20	1	0	3	0	4	1	1	4	13	59.1	Si
1	20	1	1	1	0	1	1	1	6	19	50.91	No
1	22	1	0	4	0	1	0	0	3	29	76.33	No
2	20	1	0	4	0	7	0	1	3	29	71.94	Si
2	20	1	0	4	0	1	0	0	3	9	66.89	No
1	18	1	1	2	0	3	0	0	5	21	45.25	Si
2	25	1	0	1	0	2	1	1	1	5	57.68	No
1	20	1	0	3	0	5	0	0	3	24	65.08	No
1	18	1	0	1	0	2	1	1	5	21	47.22	No
1	23	1	1	2	0	3	0	0	1	5	67.57	Si
1	118	1	0	3	0	4	1	1	1	5	0	Si
2	22	1	0	1	0	2	1	1	1	12	71.4	No
2	23	1	1	2	0	1	0	1	3	29	67	No
1	20	1	0	3	0	4	1	1	6	19	53.45	Si
2	24	1	1	2	0	3	0	0	2	16	77.45	Si
1	118	1	0	3	0	4	1	1	1	80	0	Si
1	21	1	0	3	0	5	0	0	4	27	72.62	No
1	19	1	0	1	0	2	1	1	3	11	43.61	No
1	19	1	0	3	0	5	0	0	4	16	55.31	No
2	38	1	0	1	0	2	1	1	7	22	60.72	No
1	23	1	0	4	0	1	0	0	5	26	81.4	Si
1	22	1	0	1	0	2	1	1	2	10	53.16	No
1	20	1	1	2	0	1	0	1	4	27	76.54	No
2	21	1	1	2	0	1	0	1	5	21	33.88	No
2	32	1	0	3	0	5	0	0	5	27	48.85	No
1	25	1	0	3	0	5	0	0	2	21	77.46	No
2	22	1	0	4	0	7	0	1	3	29	63.97	Si
2	24	1	0	4	0	1	0	0	3	24	73.85	No
1	24	1	1	2	0	1	0	1	3	29	67.35	No
1	25	1	0	3	0	5	0	0	5	17	58.74	No
1	18	1	0	3	0	5	0	0	6	19	44	No
2	19	1	1	1	0	1	1	1	6	19	41.73	No
2	20	1	1	2	0	1	0	1	5	23	59.81	No
2	21	1	0	3	0	5	0	0	5	14	67.69	No
2	118	1	1	2	0	3	0	0	1	15	0	Si
2	18	1	0	3	0	4	1	1	5	21	46.11	Si
1	17	1	0	3	0	5	0	0	6	19	50	No
2	20	1	0	3	0	5	0	0	4	27	72.31	No
1	23	1	0	4	0	1	0	0	5	23	71.76	No
1	35	1	1	2	0	1	0	1	6	24	93.05	Si
2	22	1	0	4	0	1	0	0	2	25	65.11	No
1	18	1	0	3	0	5	0	0	6	19	45.45	No
2	20	1	1	1	0	1	1	1	3	10	19.71	No
1	36	1	0	3	0	4	1	1	6	24	92	Si
2	118	1	0	4	0	1	0	0	1	0	0	No
1	32	1	1	4	0	6	0	0	1	0	75.44	Si
2	19	1	0	4	0	7	1	1	1	4	52.93	Si
2	118	1	1	4	0	6	0	0	2	0	0	Si
2	20	1	1	1	0	1	1	1	3	24	63.22	No
1	24	1	0	4	0	7	0	1	7	18	69.63	Si
1	21	1	0	3	0	4	1	1	3	9	68.71	Si
2	21	1	0	3	0	5	0	0	3	14	54.46	No
1	20	1	1	4	0	6	0	0	6	19	52.09	Si
2	26	1	1	2	0	1	0	1	2	12	63.55	No
2	18	1	0	3	0	4	1	1	5	27	71.26	Si
2	31	1	1	1	0	1	1	1	2	14	70.52	No
1	20	1	0	3	0	5	0	0	3	9	64	No
1	20	1	1	2	0	3	0	0	4	27	75.42	Si
2	24	1	0	4	0	7	1	1	2	16	69.57	Si
1	23	1	1	1	0	1	1	1	5	12	70.26	No
1	25	1	0	4	0	1	0	0	3	37	81.16	Si
1	20	1	0	1	0	2	1	1	1	4	59.27	No
2	37	1	0	4	0	1	0	0	4	16	73.63	No
2	24	1	0	4	0	1	0	0	3	24	77.87	No
1	21	1	1	4	0	6	0	0	7	20	60.63	Si
2	22	1	1	2	0	1	0	1	3	12	62.7	No
1	20	1	0	4	0	1	0	0	6	19	48.09	No
1	18	1	0	3	0	4	1	1	6	19	45.45	Si
2	24	1	1	1	0	1	1	1	1	9	76.69	No
2	33	1	1	4	0	6	0	0	8	32	19.5	Si
2	19	1	1	2	0	1	0	1	3	12	55.42	No
1	25	1	0	4	0	7	0	1	2	21	78.98	Si
1	25	1	0	4	0	7	0	1	5	14	79.22	Si
2	22	1	1	4	0	6	0	0	3	12	64.92	Si
2	29	1	1	1	0	1	1	1	1	0	64.67	No
1	18	1	1	2	0	1	0	1	5	21	42.56	No
2	23	1	1	1	0	1	1	1	1	0	83.79	Si
1	22	1	0	4	0	1	0	0	5	26	84.22	Si
1	30	1	0	4	0	7	1	1	1	3	59.19	Si
2	22	1	0	4	0	7	1	1	1	12	67.91	Si
1	20	1	1	2	0	3	0	0	4	15	72.76	Si
2	18	1	1	2	0	3	0	0	5	21	13.6	Si
2	23	1	0	4	0	7	1	1	5	23	69.42	Si
1	29	1	1	2	0	1	0	1	4	16	48.5	No
2	118	1	1	2	0	1	0	1	1	5	0	No
2	118	1	1	1	0	1	1	1	1	80	0	No
2	21	1	0	3	0	5	0	0	5	23	58.81	No
2	18	1	0	4	0	7	1	1	6	19	46.18	Si
1	21	1	1	4	0	6	0	0	8	19	71.89	Si
2	20	1	1	2	0	1	0	1	5	23	67	No
2	22	1	0	1	0	2	1	1	5	15	60.57	No
2	19	1	0	3	0	5	0	0	6	19	48.33	No
1	19	1	0	1	0	2	1	1	3	13	36.25	No
2	19	1	0	3	0	5	0	0	3	9	45.46	No
1	19	1	1	4	0	6	0	0	6	19	44.09	Si
2	20	1	0	3	0	5	0	0	5	16	70.09	No
2	19	1	0	4	0	7	0	1	4	15	61.08	Si
2	28	2	0	4	0	1	0	0	3	13	26.67	No
1	22	1	1	2	0	1	0	1	4	16	58.8	No
1	19	1	1	4	0	6	0	0	3	9	45.45	Si
1	29	1	1	4	0	6	0	0	1	0	59.03	Si
1	25	1	0	4	0	7	0	1	3	24	73.91	Si
1	118	1	0	1	0	2	1	1	2	25	0	No
1	37	1	0	4	0	7	1	1	6	24	79.18	Si
1	22	1	0	1	0	2	1	1	8	20	69.78	No
1	24	1	1	4	0	6	0	0	4	14	66.43	Si
1	21	1	0	4	0	1	0	0	3	12	46.92	No
2	21	1	0	4	0	7	0	1	5	11	71.26	Si
2	25	1	0	4	0	1	0	0	2	21	84.79	Si
2	20	1	0	4	0	1	0	0	6	19	68.33	No
2	22	1	1	4	0	6	0	0	7	18	74.22	Si
1	21	1	0	4	0	1	0	0	3	22	67.73	No
2	22	1	0	3	0	4	1	1	5	26	86.59	Si
1	20	1	1	2	0	3	0	0	5	23	56.57	Si
1	21	1	0	1	0	2	1	1	6	20	74.03	No
1	21	1	1	1	0	1	1	1	4	27	79.15	Si
2	20	1	0	3	0	4	1	1	3	12	61	Si
2	20	1	1	4	0	6	0	0	1	5	60.75	Si
1	23	1	1	2	0	3	0	0	2	16	81.3	Si
2	24	1	1	2	0	1	0	1	3	29	35.33	No
2	21	1	0	4	0	1	0	0	3	29	70.03	No
1	19	1	1	2	0	3	0	0	5	27	70.11	Si
1	22	1	0	4	0	7	0	1	4	27	68.52	Si
1	20	1	1	2	0	1	0	1	3	16	49.54	No
1	23	1	0	1	0	2	1	1	2	15	61.89	No
2	25	1	0	4	0	7	0	1	7	22	85.33	Si
2	20	1	0	4	0	7	1	1	2	18	76.3	Si
2	25	1	1	4	0	6	0	0	2	21	77.34	Si
1	22	1	0	4	0	7	1	1	5	12	57.39	Si
2	18	1	0	4	0	1	0	0	6	19	49.18	No
2	19	1	1	2	0	1	0	1	1	5	44.92	No
2	118	1	1	1	0	1	1	1	1	5	0	No
1	21	1	0	3	0	5	0	0	2	7	48.43	No
2	20	1	0	3	0	5	0	0	5	23	59.07	No
1	118	1	1	4	0	6	0	0	1	0	0	Si
1	21	1	0	1	0	2	1	1	6	19	44.18	No
2	22	1	1	4	0	6	0	0	3	17	66.78	Si
1	26	1	1	1	0	1	1	1	3	17	41.97	No
2	22	1	0	1	0	2	1	1	4	27	75.19	No
2	23	1	1	2	0	1	0	1	5	23	76.2	No
2	19	1	0	4	0	7	1	1	2	7	60.85	Si
2	21	1	1	2	0	3	0	0	5	26	88.63	Si
1	22	1	1	2	0	3	0	0	1	5	66.24	Si
2	19	1	1	1	0	1	1	1	3	24	67.09	No
2	118	1	1	2	0	1	0	1	1	0	0	No
2	19	1	1	4	0	6	0	0	4	15	72.31	Si
1	23	1	0	3	0	4	1	1	2	16	79.91	Si
2	21	1	0	1	0	2	1	1	4	27	76.73	No
1	118	1	0	3	0	5	0	0	1	5	0	No
2	26	1	1	2	0	1	0	1	8	30	71.58	No
2	23	1	0	1	0	2	1	1	3	37	77.96	No
1	118	1	1	2	0	1	0	1	4	16	49.13	No
1	42	1	0	1	0	2	1	1	1	0	77.62	No
2	24	1	0	4	0	7	1	1	5	16	92.69	Si
1	32	1	0	4	0	1	0	0	2	0	59.75	No
1	22	1	0	3	0	5	0	0	6	21	56.29	No
1	25	1	0	4	0	1	0	0	2	16	60.68	No
2	22	1	1	1	0	1	1	1	6	31	64.43	No
1	118	1	0	4	0	1	0	0	1	3	0	No
1	25	1	1	2	0	3	0	0	8	30	74.58	Si
2	20	1	0	4	0	7	0	1	4	15	69.82	Si
2	25	1	1	2	0	1	0	1	5	18	78.57	No
2	21	1	0	1	0	2	1	1	3	21	65.59	No
2	19	1	0	3	0	5	0	0	3	14	60.4	No
1	23	1	1	2	0	1	0	1	4	16	56.78	No
2	24	1	1	4	0	6	0	0	1	10	85.96	Si
2	24	1	0	4	0	7	1	1	3	24	75.28	Si
1	21	1	0	3	0	5	0	0	2	11	57.35	No
1	25	1	0	4	0	7	0	1	4	27	59.47	Si
2	118	1	1	2	0	1	0	1	1	0	0	No
2	118	1	1	1	0	1	1	1	1	0	0	No
1	20	1	0	3	0	5	0	0	6	19	42.22	No
2	19	1	1	1	0	1	1	1	5	19	44.22	No
2	22	1	1	1	0	1	1	1	1	10	79.43	Si
2	23	1	0	1	0	2	1	1	5	28	64.71	No
1	19	1	0	1	0	2	1	1	5	23	58.27	No
2	118	1	0	4	0	1	0	0	1	80	0	No
1	118	1	1	4	0	6	0	0	1	3	0	Si
2	25	1	0	4	0	7	1	1	1	16	77.04	Si
2	20	1	0	4	0	1	0	0	5	17	43.5	No
1	20	1	0	3	0	5	0	0	3	11	58.43	No
1	118	1	0	3	0	4	1	1	1	0	0	Si
1	20	1	0	3	0	5	0	0	6	19	33.83	No
2	22	1	0	4	0	1	0	0	7	18	74.82	No
2	23	1	0	4	0	7	0	1	4	13	57	Si
1	26	1	1	2	0	3	0	0	6	15	52.47	Si
1	20	1	0	4	0	1	0	0	3	24	65.36	No
2	24	1	0	4	0	1	0	0	4	27	65.88	No
2	18	1	1	1	0	1	1	1	5	21	47.67	No
1	19	1	1	4	0	6	0	0	5	27	78.37	Si
2	19	1	0	3	0	5	0	0	4	16	63.59	No
2	18	1	0	4	0	7	1	1	6	19	53.22	Si
1	23	1	1	2	0	1	0	1	2	6	66.4	No
2	20	1	0	4	0	7	0	1	3	11	55.73	Si
2	22	1	0	4	0	7	0	1	5	26	92.24	Si
2	23	1	0	1	0	2	1	1	3	24	62.66	No
1	21	1	1	1	0	1	1	1	4	17	63.54	No
1	23	1	1	1	0	1	1	1	1	0	86.16	Si
1	28	1	0	3	0	4	1	1	2	9	63.55	Si
2	33	1	1	2	0	3	0	0	1	10	53.54	Si
2	24	1	1	2	0	3	0	0	3	24	79.6	Si
2	19	1	0	3	0	4	1	1	6	19	0	Si
2	21	1	0	4	0	7	1	1	3	11	58.04	Si
1	23	1	1	4	0	6	0	0	3	29	70.45	Si
1	22	1	0	3	0	4	1	1	3	29	67.47	Si
1	21	1	0	4	0	7	0	1	8	19	71.33	Si
1	20	1	0	4	0	7	0	1	5	27	75.95	Si
1	20	1	0	3	0	5	0	0	4	15	71.82	No
2	26	1	1	4	0	6	0	0	2	21	76.41	Si
1	25	1	1	4	0	6	0	0	3	24	76.15	Si
1	24	1	1	2	0	3	0	0	5	28	54.41	Si
1	19	1	0	3	0	4	1	1	3	24	69.2	Si
2	36	1	0	4	0	7	0	1	4	16	49	Si
2	20	1	1	1	0	1	1	1	1	4	45.7	No
1	18	1	0	3	0	4	1	1	5	21	46.57	Si
1	23	1	0	3	0	5	0	0	5	26	79	No
2	22	1	0	3	0	5	0	0	5	26	84.68	Si
2	23	1	1	2	0	3	0	0	2	16	77.63	Si
2	21	1	0	1	0	2	1	1	3	16	73.56	No
2	22	1	0	4	0	7	1	1	5	28	75.47	Si
2	21	1	1	1	0	1	1	1	4	17	54.61	No
2	20	1	1	2	0	1	0	1	5	21	49.22	No
1	118	1	0	4	0	7	0	1	1	80	0	Si
1	22	1	1	4	0	6	0	0	7	22	82.67	Si
2	24	1	0	4	0	1	0	0	6	16	70.71	No
2	25	1	0	1	0	2	1	1	3	10	67.91	No
2	19	1	1	4	0	6	0	0	2	12	51.67	Si
2	29	1	1	4	0	6	0	0	4	17	61.17	Si
2	23	1	0	4	0	7	0	1	2	19	62.64	Si
2	23	1	0	4	0	7	0	1	2	9	50.4	Si
2	18	1	1	2	0	1	0	1	2	7	80	Si
2	118	1	0	4	0	7	1	1	2	21	0	Si
2	18	1	0	1	0	2	1	1	5	21	43	No
2	118	1	0	1	0	2	1	1	6	19	47.36	No
1	22	1	1	2	0	3	0	0	3	12	49.07	Si
2	18	1	1	2	0	1	0	1	6	19	49.55	No
1	24	1	0	4	0	7	1	1	6	33	46.17	Si
1	26	1	1	2	0	1	0	1	4	16	73.67	No
2	22	1	0	3	0	5	0	0	4	27	63.2	No
2	118	1	0	3	0	4	1	1	1	80	0	Si
1	28	1	0	3	0	4	1	1	1	80	0	Si
1	18	1	0	4	0	7	1	1	5	21	32.88	Si
2	22	1	1	2	0	1	0	1	5	28	73.89	No
1	21	1	0	4	0	1	0	0	5	28	79.83	Si
1	23	1	1	2	0	3	0	0	5	26	88.22	Si
2	118	1	1	1	0	1	1	1	1	0	0	No
1	25	1	0	4	0	7	1	1	2	16	73.73	Si
1	19	1	1	2	0	3	0	0	5	27	71.42	Si
1	22	1	1	2	0	1	0	1	4	11	71.45	No
1	21	1	0	3	0	4	1	1	2	11	61.87	Si
2	20	1	0	4	0	7	0	1	5	28	72.17	Si
1	20	1	0	4	0	7	0	1	5	27	68.11	Si
2	118	1	1	2	0	1	0	1	1	5	0	No
2	22	1	0	3	0	5	0	0	4	27	75.31	No
1	18	1	1	2	0	1	0	1	6	19	50.27	No
2	27	1	0	4	0	1	0	0	3	24	74.14	No
1	20	1	1	1	0	1	1	1	4	27	77.19	No
2	37	1	0	4	0	7	1	1	2	18	32.94	Si
2	21	1	0	4	0	7	1	1	2	9	59.08	Si
2	25	1	0	4	0	7	1	1	7	20	64.09	Si
2	23	1	0	3	0	5	0	0	3	16	44.88	No
1	27	1	0	3	0	5	0	0	4	10	67.49	No
2	22	1	0	4	0	1	0	0	1	9	61.54	No
1	19	1	1	1	0	1	1	1	5	27	72.16	No
2	23	1	1	1	0	1	1	1	2	16	78.45	No
1	23	1	0	3	0	4	1	1	5	28	73.24	Si
2	18	1	1	1	0	1	1	1	6	19	45.67	No
2	118	1	0	3	0	5	0	0	1	3	0	No
1	23	1	1	1	0	1	1	1	4	20	38.64	No
2	19	1	0	1	0	2	1	1	6	19	46.27	No
2	25	1	1	2	0	3	0	0	3	24	66.54	Si
1	29	1	0	4	0	7	1	1	6	24	88.43	Si
2	24	1	0	4	0	7	1	1	2	16	71.13	Si
1	20	1	1	4	0	6	0	0	6	20	69.44	Si
2	23	1	0	3	0	4	1	1	3	24	80.06	Si
1	21	1	1	4	0	6	0	0	2	19	71.13	Si
1	29	1	0	3	0	5	0	0	3	10	58.71	No
1	23	1	0	3	0	5	0	0	5	23	71.49	No
1	18	1	0	1	0	2	1	1	5	21	32.56	No
1	20	1	1	1	0	1	1	1	6	21	61.3	No
2	23	1	0	4	0	7	0	1	2	16	74.85	Si
2	20	1	0	3	0	4	1	1	7	20	62.56	Si
1	20	1	1	4	0	6	0	0	3	16	61.33	Si
1	22	1	0	3	0	5	0	0	3	29	66.09	No
2	22	1	1	2	0	1	0	1	3	10	58.62	No
2	20	1	1	4	0	6	0	0	5	21	47.22	Si
2	23	1	0	3	0	4	1	1	5	26	88.5	Si
1	21	1	0	4	0	1	0	0	3	24	67.92	No
1	19	1	1	1	0	1	1	1	5	21	11.4	No
2	22	1	0	3	0	4	1	1	5	23	51.93	Si
2	18	1	0	4	0	7	1	1	6	19	46.91	Si
1	22	1	0	3	0	5	0	0	5	26	91.32	Si
1	21	1	0	1	0	2	1	1	5	26	84.86	Si
2	19	1	1	2	0	1	0	1	3	14	68.67	No
1	118	1	1	1	0	1	1	1	1	3	0	No
2	118	1	1	2	0	3	0	0	1	5	0	Si
2	20	1	0	4	0	1	0	0	5	17	57.83	No
1	18	1	0	4	0	7	1	1	6	19	40.67	Si
2	33	1	1	1	0	1	1	1	1	5	0	No
1	19	1	0	4	0	7	0	1	2	10	52.75	Si
2	20	1	0	3	0	4	1	1	3	14	47.15	Si
1	118	1	1	4	0	6	0	0	6	19	48.55	Si
1	24	1	0	4	0	7	0	1	4	16	66.45	Si
2	21	1	1	2	0	1	0	1	4	17	55.5	No
1	19	1	1	2	0	3	0	0	1	4	50	Si
2	118	1	0	4	0	1	0	0	1	0	0	No
1	27	1	1	1	0	1	1	1	8	19	66.71	No
1	20	1	0	4	0	7	0	1	3	22	64.95	Si
2	21	1	0	4	0	1	0	0	5	28	72.44	No
1	40	1	0	4	0	1	0	0	2	0	83.8	Si
2	118	1	0	4	0	7	1	1	5	21	45.44	Si
2	38	1	0	4	0	7	0	1	2	0	0	Si
1	21	1	0	1	0	2	1	1	3	29	65.82	No
1	18	1	0	1	0	2	1	1	2	9	45.91	No
2	32	1	0	4	0	1	0	0	3	13	41.75	No
1	27	1	0	1	0	2	1	1	1	10	70.32	No
2	25	1	0	3	0	5	0	0	5	13	67.38	No
2	24	1	0	1	0	2	1	1	2	21	76.31	No
1	24	1	0	4	0	7	0	1	1	4	73.72	Si
1	23	1	1	1	0	1	1	1	1	10	84.88	Si
1	23	1	0	3	0	4	1	1	4	13	34.52	Si
2	30	1	1	1	0	1	1	1	1	0	86	Si
1	22	1	0	1	0	2	1	1	1	5	67.71	No
1	18	1	0	4	0	1	0	0	5	21	48	No
1	118	1	0	3	0	4	1	1	1	5	0	Si
2	43	1	0	4	0	1	0	0	1	3	84.93	Si
2	21	1	1	2	0	3	0	0	3	10	66.97	Si
2	26	1	1	4	0	6	0	0	3	24	65.65	Si
1	118	1	0	4	0	7	0	1	1	0	0	Si
1	20	1	0	4	0	1	0	0	3	16	57.27	No
2	29	1	1	2	0	1	0	1	2	3	77.1	No
1	20	1	1	1	0	1	1	1	4	27	82.27	Si
1	23	1	0	3	0	4	1	1	4	10	69.09	Si
2	24	1	1	2	0	3	0	0	1	16	79.44	Si
1	27	1	0	1	0	2	1	1	4	16	74.78	No
2	21	1	0	3	0	5	0	0	3	22	61.87	No
1	20	1	1	1	0	1	1	1	4	19	61.87	No
2	23	1	1	1	0	1	1	1	5	23	73.58	No
1	118	1	0	1	0	2	1	1	1	10	0	No
2	22	1	0	1	0	2	1	1	5	23	79.64	Si
1	20	1	1	2	0	3	0	0	3	13	57.41	Si
1	118	1	1	4	0	6	0	0	2	21	0	Si
2	23	1	0	1	0	2	1	1	7	22	81.46	Si
2	20	1	0	3	0	4	1	1	1	5	49.29	Si
1	23	1	1	1	0	1	1	1	3	29	76.97	No
2	24	1	0	4	0	1	0	0	6	15	59.49	No
1	24	1	0	4	0	7	1	1	2	21	77.92	Si
1	23	1	1	2	0	3	0	0	5	23	71.15	Si
2	22	1	1	2	0	1	0	1	1	1	87.47	Si
1	19	1	0	4	0	7	1	1	7	23	62.67	Si
1	23	1	0	4	0	7	1	1	1	4	62.12	Si
2	35	1	0	1	0	2	1	1	2	8	69.56	No
1	23	1	0	3	0	5	0	0	2	7	38.02	No
1	24	1	0	4	0	1	0	0	3	24	71.06	No
2	37	1	0	3	0	5	0	0	1	0	0	No
2	25	1	1	2	0	1	0	1	2	16	66.86	No
2	118	1	1	2	0	3	0	0	2	25	0	Si
1	19	1	0	4	0	7	0	1	5	23	59.36	Si
2	18	1	1	2	0	1	0	1	5	21	45.38	No
2	22	1	0	3	0	4	1	1	1	9	68.39	Si
1	20	1	0	4	0	7	0	1	4	16	57.32	Si
2	19	1	0	4	0	7	0	1	5	27	70.95	Si
2	21	1	1	2	0	3	0	0	3	24	70.21	Si
1	21	1	1	2	0	3	0	0	1	5	50.32	Si
1	26	1	0	4	0	7	1	1	1	16	73.09	Si
1	26	1	1	2	0	3	0	0	3	24	67.51	Si
2	19	1	0	3	0	5	0	0	3	12	62.57	No
2	23	1	0	3	0	5	0	0	5	28	75.78	No
1	24	1	0	1	0	2	1	1	8	30	75.5	No
2	22	1	1	1	0	1	1	1	2	15	58.19	No
1	23	1	0	1	0	2	1	1	4	6	64.87	No
1	118	1	1	1	0	1	1	1	1	0	0	No
2	118	1	1	4	0	6	0	0	1	0	0	Si
1	21	1	1	2	0	3	0	0	3	22	68.38	Si
2	22	1	1	2	0	1	0	1	3	29	69.06	No
1	27	1	0	1	0	2	1	1	7	22	65.82	No
2	21	1	0	4	0	7	1	1	5	19	57.53	Si
2	25	1	0	1	0	2	1	1	2	7	60.83	No
2	20	1	0	3	0	5	0	0	3	11	71.64	No
2	29	1	1	2	0	3	0	0	2	0	0	Si
2	41	1	1	1	0	1	1	1	2	0	0	Si
1	118	1	1	1	0	1	1	1	2	0	0	Si
2	39	1	0	1	0	2	1	1	2	0	0	Si
1	20	1	0	4	0	7	1	1	1	4	66.34	Si
2	30	1	0	4	0	7	0	1	6	24	84.67	Si
1	20	1	0	4	0	7	0	1	1	5	51.42	Si
2	24	1	0	4	0	7	1	1	6	16	70.58	Si
2	20	1	1	2	0	3	0	0	3	16	43.36	Si
2	34	1	1	2	0	1	0	1	3	3	74.2	No
2	24	1	0	4	0	7	0	1	3	24	70.86	Si
2	18	1	0	4	0	7	0	1	6	19	33.67	Si
1	26	1	0	3	0	5	0	0	8	30	71.9	No
2	118	1	1	2	0	1	0	1	1	0	0	No
2	19	1	0	1	0	2	1	1	6	19	49.82	No
2	21	1	0	1	0	2	1	1	4	27	69.06	No
1	19	1	1	2	0	1	0	1	3	12	55.17	No
1	24	1	0	4	0	7	0	1	5	26	87.85	Si
2	22	1	1	2	0	1	0	1	8	20	63.43	No
2	20	1	1	4	0	6	0	0	4	13	63.4	Si
2	118	1	0	4	0	7	1	1	1	0	0	Si
2	24	1	0	4	0	7	1	1	5	26	79.44	Si
1	18	1	1	2	0	3	0	0	3	13	15.67	Si
2	26	1	0	4	0	7	0	1	3	10	0	Si
2	20	1	0	3	0	5	0	0	5	27	72.47	No
1	25	1	1	2	0	3	0	0	3	0	81.78	Si
1	20	1	0	4	0	7	0	1	3	24	70.08	Si
2	22	1	1	1	0	1	1	1	5	28	78.83	No
1	21	1	1	2	0	1	0	1	5	17	54.04	No
2	25	1	0	4	0	7	1	1	2	0	66.72	Si
2	23	1	0	3	0	4	1	1	5	28	77.42	Si
2	39	1	1	4	0	6	0	0	1	3	82.12	Si
1	18	1	0	4	0	7	1	1	3	9	35.5	Si
2	20	1	1	1	0	1	1	1	4	17	53	No
1	19	1	1	4	0	6	0	0	4	16	63.59	Si
2	118	1	0	4	0	7	0	1	1	3	0	Si
2	118	1	1	2	0	1	0	1	1	3	0	No
1	28	1	1	1	0	1	1	1	2	32	76.27	No
2	25	1	0	4	0	7	1	1	2	9	40.34	Si
2	19	1	0	3	0	5	0	0	5	21	48.22	No
1	40	1	0	4	0	7	0	1	1	3	0	Si
2	118	1	0	4	0	1	0	0	1	0	0	No
1	18	1	0	3	0	4	1	1	6	19	48.3	Si
1	19	1	0	4	0	1	0	0	5	27	79.21	Si
1	20	1	1	2	0	1	0	1	5	23	58.07	No
2	24	1	0	3	0	4	1	1	7	22	81.29	Si
2	23	1	1	2	0	3	0	0	5	23	74.45	Si
2	24	1	0	4	0	7	1	1	4	12	62.18	Si
2	21	1	0	4	0	1	0	0	4	27	77.23	No
2	21	1	0	4	0	1	0	0	4	16	54.06	No
1	37	1	1	2	0	3	0	0	1	80	0	Si
1	21	1	0	4	0	7	1	1	2	10	61.74	Si
2	22	1	1	2	0	3	0	0	3	29	68.39	Si
2	22	1	1	1	0	1	1	1	5	16	73.13	No
1	19	1	1	2	0	3	0	0	1	5	42.5	Si
2	25	1	0	1	0	2	1	1	2	21	76.27	No
2	118	1	0	3	0	4	1	1	1	0	0	Si
1	23	1	1	4	0	6	0	0	3	9	44.56	Si
2	21	1	0	3	0	5	0	0	3	12	59.89	No
1	18	1	1	2	0	1	0	1	6	19	46	No
2	27	1	1	2	0	3	0	0	4	40	73.72	Si
1	19	1	0	1	0	2	1	1	5	27	77.42	No
2	24	1	0	1	0	2	1	1	8	30	74.98	No
2	24	1	0	3	0	4	1	1	5	26	81.02	Si
1	21	1	1	4	0	6	0	0	1	5	57.86	Si
2	23	1	0	4	0	1	0	0	2	5	48.56	No
2	18	1	0	4	0	1	0	0	6	19	48.55	No
2	24	1	0	3	0	4	1	1	5	17	54.11	Si
2	23	1	0	3	0	5	0	0	4	27	64.35	No
2	18	1	1	1	0	1	1	1	6	19	49.55	No
2	20	1	1	2	0	1	0	1	5	21	45.88	No
2	21	1	0	4	0	7	0	1	7	20	62.44	Si
2	19	1	0	4	0	7	0	1	5	21	40.25	Si
1	18	1	0	1	0	2	1	1	3	13	37	No
2	29	1	0	4	0	7	0	1	1	0	91.86	Si
2	22	1	1	4	0	6	0	0	8	19	75.81	Si
2	18	1	0	3	0	4	1	1	5	21	47.89	Si
2	26	1	1	2	0	3	0	0	3	24	69.78	Si
1	118	1	0	3	0	5	0	0	1	0	0	No
2	24	1	1	1	0	1	1	1	4	16	69.14	No
2	19	1	0	1	0	2	1	1	1	5	47.92	No
2	19	1	0	3	0	5	0	0	6	19	51.64	No
1	27	1	1	2	0	3	0	0	4	16	73	Si
1	22	1	1	4	0	6	0	0	1	6	68.67	Si
2	21	1	1	2	0	1	0	1	3	24	61.52	No
1	28	1	0	4	0	7	0	1	2	0	0	Si
2	36	1	1	2	0	3	0	0	1	0	70.58	Si
2	22	1	1	2	0	3	0	0	5	17	53.61	Si
2	21	1	1	2	0	1	0	1	3	24	66.2	No
2	24	1	1	4	0	6	0	0	1	0	83.82	Si
1	34	1	1	1	0	1	1	1	1	5	0	No
2	18	1	0	4	0	7	0	1	6	19	73.33	Si
1	24	1	0	4	0	1	0	0	5	23	87.11	Si
1	26	1	1	1	0	1	1	1	5	26	73.31	No
2	24	1	1	4	0	6	0	0	1	5	67.54	Si
1	28	1	1	2	0	1	0	1	1	3	80.32	Si
2	21	1	0	4	0	1	0	0	4	21	76.07	No
2	23	1	0	1	0	2	1	1	3	24	77.21	No
2	33	1	1	2	0	1	0	1	1	0	0	No
1	18	1	0	3	0	5	0	0	5	21	18	No
1	22	1	1	2	0	3	0	0	5	23	75.8	Si
1	20	1	1	2	0	1	0	1	3	24	76.9	No
2	24	1	1	4	0	6	0	0	2	6	35	Si
2	24	1	1	4	0	6	0	0	3	24	70.46	Si
2	25	1	0	3	0	5	0	0	3	24	74.92	No
1	24	1	0	1	0	2	1	1	8	30	76.04	No
1	24	1	0	4	0	7	1	1	2	0	88.26	Si
2	22	1	0	1	0	2	1	1	3	29	69.35	No
2	18	1	0	4	0	7	0	1	6	19	85.17	Si
2	23	1	0	3	0	5	0	0	1	4	70.02	No
2	21	1	0	4	0	7	1	1	3	11	58.07	Si
2	23	1	0	4	0	7	0	1	1	2	68.07	Si
2	20	1	0	4	0	7	1	1	4	27	72.96	Si
2	20	1	0	4	0	7	1	1	2	12	68.86	Si
1	20	1	1	2	0	3	0	0	4	16	55.94	Si
2	19	1	1	2	0	1	0	1	6	19	49.17	No
1	18	1	1	2	0	1	0	1	4	13	38.53	No
2	21	1	0	1	0	2	1	1	5	16	65.31	No
1	36	1	0	3	0	4	1	1	2	0	0	Si
2	24	1	1	4	0	6	0	0	2	0	0	Si
2	34	1	1	1	1	1	1	1	2	0	0	Si
1	21	1	0	4	0	7	1	1	2	0	0	Si
2	22	1	0	4	0	7	1	1	5	23	59.21	Si
2	22	1	0	4	0	1	0	0	5	19	51.33	No
1	38	1	1	2	0	3	0	0	1	0	77.51	Si
2	24	1	1	4	0	6	0	0	5	23	69.63	Si
2	21	1	0	1	0	2	1	1	3	14	57.23	No
1	24	1	0	3	0	5	0	0	1	16	78.9	No
2	22	1	1	2	0	1	0	1	3	29	60.98	No
1	26	1	1	4	0	6	0	0	1	6	56.82	Si
2	20	1	1	2	0	1	0	1	3	17	75.57	No
2	24	1	1	2	0	1	0	1	1	16	84.81	Si
1	23	1	0	4	0	1	0	0	3	24	79.28	Si
2	20	1	0	4	0	7	1	1	4	27	70.73	Si
1	25	1	0	3	0	5	0	0	1	16	76.24	No
2	26	1	0	1	0	2	1	1	4	27	59.51	No
2	21	1	1	2	0	1	0	1	5	28	72.44	No
2	19	1	0	4	0	7	1	1	4	19	57.76	Si
1	21	1	0	4	0	7	1	1	4	27	77.96	Si
2	19	1	1	2	0	3	0	0	5	27	77.89	Si
1	26	1	1	1	0	1	1	1	2	16	72.98	No
2	25	1	1	2	0	1	0	1	8	30	78.5	No
2	20	1	0	4	0	1	0	0	5	27	67.88	No
1	28	1	0	3	0	5	0	0	1	5	53.41	No
1	118	1	0	1	0	2	1	1	1	0	0	No
2	118	1	0	4	0	7	1	1	1	5	0	Si
2	21	1	0	3	0	5	0	0	6	18	80.5	Si
2	20	1	0	4	0	7	0	1	2	15	42.95	Si
1	23	1	1	4	0	6	0	0	2	16	71.63	Si
2	21	1	1	4	0	6	0	0	4	16	63.06	Si
2	21	1	0	4	0	7	0	1	3	24	79.52	Si
1	23	1	0	1	0	2	1	1	6	31	65.23	No
1	24	1	0	1	0	2	1	1	1	10	82.88	Si
1	20	1	0	4	0	7	0	1	4	15	47.75	Si
1	118	1	0	4	0	1	0	0	1	0	0	No
1	18	1	0	4	0	1	0	0	6	19	57.67	No
1	20	1	0	3	0	4	1	1	5	14	68.53	Si
2	118	1	1	2	0	1	0	1	1	0	0	No
1	25	1	1	1	0	1	1	1	4	37	74.2	No
2	26	1	1	2	0	1	0	1	1	16	72.44	No
1	22	1	0	4	0	7	0	1	3	29	64.03	Si
1	20	1	1	2	0	1	0	1	4	27	72.69	No
1	20	1	1	1	0	1	1	1	2	13	72.08	No
1	21	1	0	3	0	4	1	1	4	16	48.5	Si
1	22	1	1	4	0	6	0	0	5	23	73.19	Si
1	23	1	0	4	0	7	0	1	5	23	72	Si
2	22	1	1	2	0	3	0	0	5	23	66.95	Si
1	24	1	1	1	0	1	1	1	3	24	66.85	No
2	22	1	0	4	0	7	1	1	1	9	65.46	Si
2	25	1	0	4	0	7	1	1	1	0	78.58	Si
1	27	1	0	4	0	1	0	0	1	0	79.71	Si
1	23	1	0	3	0	5	0	0	3	24	75.55	No
2	20	1	1	4	0	6	0	0	4	19	57.57	Si
2	30	1	0	1	0	2	1	1	3	24	67.68	No
2	25	1	0	3	0	4	1	1	1	16	79.4	Si
1	21	1	0	3	0	4	1	1	3	11	54.65	Si
2	23	1	0	3	0	4	1	1	1	4	70.05	Si
1	24	1	1	2	0	1	0	1	3	24	66.63	No
2	24	1	0	4	0	1	0	0	5	16	82.81	Si
1	20	1	0	4	0	1	0	0	6	20	66.96	No
2	21	1	0	4	0	1	0	0	3	22	65	No
2	19	1	0	3	0	5	0	0	1	4	45.71	No
2	19	1	1	4	0	6	0	0	3	13	37.43	Si
1	25	1	1	1	0	1	1	1	5	26	85.27	Si
1	19	1	0	3	0	4	1	1	5	23	62.06	Si
1	32	1	0	3	0	5	0	0	1	5	40.77	No
2	18	1	1	4	0	6	0	0	5	19	78	Si
1	18	1	1	2	0	3	0	0	5	19	36.27	Si
1	18	1	0	3	0	5	0	0	5	21	43.67	No
2	18	1	1	1	0	1	1	1	6	19	46.27	No
2	118	1	1	2	0	1	0	1	1	16	0	No
2	24	1	1	2	0	1	0	1	2	15	48.93	No
1	26	1	0	1	0	2	1	1	2	21	76.92	No
2	23	1	0	3	0	4	1	1	5	28	63.93	Si
1	21	1	0	4	0	7	1	1	3	24	71.17	Si
2	23	1	1	1	0	1	1	1	3	24	72.02	No
2	21	1	1	2	0	3	0	0	3	29	69.84	Si
1	30	1	0	3	0	5	0	0	6	19	32.35	No
1	19	1	1	2	0	3	0	0	4	15	54.71	Si
1	20	1	1	2	0	1	0	1	1	4	42.57	No
1	118	1	1	1	0	1	1	1	1	0	0	No
2	19	1	0	3	0	4	1	1	4	15	59.69	Si
2	24	1	0	4	0	1	0	0	1	16	79.63	Si
1	22	1	0	3	0	4	1	1	3	24	53.18	Si
1	18	1	0	4	0	7	1	1	5	21	0	Si
1	25	1	0	4	0	7	1	1	7	22	79.56	Si
2	24	1	1	1	0	1	1	1	5	28	51.46	No
1	18	1	0	4	0	7	0	1	5	21	27.67	Si
2	21	1	1	1	0	1	1	1	1	4	49.96	No
2	21	1	0	4	0	7	1	1	4	16	45.94	Si
1	19	1	1	1	0	1	1	1	4	15	76.18	No
2	23	1	0	3	0	4	1	1	2	18	59.93	Si
2	118	1	1	1	0	1	1	1	3	3	0	No
2	23	1	1	4	0	6	0	0	4	27	65.56	Si
1	21	1	0	4	0	7	1	1	8	19	71.79	Si
2	22	1	0	4	0	7	0	1	5	23	76.78	Si
2	118	1	1	2	0	1	0	1	5	27	75.37	No
1	34	1	0	4	0	7	0	1	4	16	77.58	Si
1	20	1	0	4	0	1	0	0	3	24	65.32	No
2	29	1	0	4	0	7	0	1	1	5	59.74	Si
2	40	2	0	3	0	5	0	0	1	3	40.8	No
2	21	1	0	3	0	4	1	1	1	6	67	Si
1	21	1	1	4	0	6	0	0	4	25	72.24	Si
2	24	1	1	2	0	3	0	0	3	10	20.67	Si
2	24	1	1	4	0	6	0	0	4	17	34.89	Si
1	118	1	1	1	0	1	1	1	1	0	0	No
1	21	1	1	2	0	1	0	1	5	27	63.09	No
2	23	1	0	3	0	4	1	1	5	26	85.29	Si
1	19	1	0	4	0	7	1	1	5	17	42.1	Si
1	23	1	1	1	0	1	1	1	6	16	72.88	No
2	18	1	1	4	0	6	0	0	6	19	35.33	Si
2	43	1	0	4	0	1	0	0	4	16	49.38	No
1	20	1	1	2	0	3	0	0	3	10	57.53	Si
1	118	1	1	2	0	3	0	0	1	5	0	Si
2	118	1	1	2	0	3	0	0	1	3	0	Si
2	20	1	1	2	0	3	0	0	3	21	71.86	Si
1	26	1	1	2	0	3	0	0	4	25	65.57	Si
2	118	1	0	4	0	1	0	0	1	3	0	No
2	22	1	0	1	0	2	1	1	7	20	59.66	No
2	39	1	0	3	0	4	1	1	1	0	0	Si
2	25	1	1	2	0	1	0	1	1	9	46.74	No
1	19	1	1	2	0	1	0	1	1	5	43.09	No
2	20	1	0	4	0	1	0	0	6	19	63.52	No
2	118	1	0	3	0	5	0	0	1	16	0	No
1	21	1	0	3	0	5	0	0	2	15	73.68	No
1	23	1	1	1	0	1	1	1	8	26	71.68	No
2	23	1	1	2	0	3	0	0	2	9	64.54	Si
2	24	1	1	4	0	6	0	0	3	11	61.3	Si
2	23	1	1	1	0	1	1	1	1	4	69.5	No
2	33	1	0	1	0	2	1	1	1	0	0	No
2	28	1	0	4	0	1	0	0	1	5	51.03	No
2	22	1	0	1	0	2	1	1	5	26	86.54	Si
2	23	1	0	4	0	1	0	0	2	18	67.25	No
1	26	1	1	4	0	6	0	0	2	3	79.33	Si
2	20	1	0	1	0	2	1	1	3	11	51.72	No
2	18	1	1	2	0	3	0	0	6	19	48.27	Si
1	22	1	0	3	0	4	1	1	5	23	69.53	Si
1	32	2	1	4	0	6	0	0	1	0	0	Si
2	118	1	1	4	0	6	0	0	1	3	0	Si
1	22	1	0	3	0	4	1	1	3	24	74.77	Si
2	23	1	0	4	0	1	0	0	5	17	54.61	No
1	23	1	0	4	0	7	0	1	2	18	60.25	Si
1	21	1	0	4	0	7	1	1	4	13	63.62	Si
1	21	1	0	1	0	2	1	1	3	17	65.35	No
2	37	1	0	4	0	7	1	1	2	0	0	Si
1	21	1	0	3	0	4	1	1	7	20	61.28	Si
1	20	1	0	4	0	1	0	0	5	23	60.69	No
2	27	1	1	2	0	1	0	1	1	0	52.17	No
1	18	1	0	1	0	2	1	1	6	19	47.36	No
2	33	1	0	4	0	7	1	1	5	13	72.58	Si
1	118	1	1	2	0	1	0	1	1	0	0	No
2	22	1	0	4	0	7	0	1	2	13	67.26	Si
2	23	1	0	4	0	1	0	0	3	29	35.76	No
2	20	1	0	1	0	2	1	1	5	27	78.16	No
2	32	1	0	4	0	7	0	1	1	8	79.21	Si
1	22	1	0	1	0	2	1	1	5	28	69.85	No
2	21	1	0	3	0	5	0	0	4	17	56.6	No
2	21	1	0	1	0	2	1	1	7	28	25.8	No
1	23	1	1	4	0	6	0	0	5	26	79.79	Si
2	25	1	0	4	0	1	0	0	1	16	79.94	Si
1	22	1	0	4	0	7	1	1	2	18	69.05	Si
1	26	1	0	4	0	7	1	1	2	13	56.76	Si
1	30	1	0	4	0	1	0	0	2	0	0	Si
2	38	1	1	2	0	3	0	0	2	0	0	Si
1	118	1	0	1	0	2	1	1	2	0	0	Si
1	32	1	0	3	0	5	0	0	2	0	0	Si
1	118	1	0	1	0	2	1	1	1	3	0	No
1	118	1	0	1	0	2	1	1	1	0	0	No
1	20	1	1	2	0	1	0	1	5	23	54	No
1	19	1	1	2	0	3	0	0	5	21	45.33	Si
1	118	1	0	4	0	1	0	0	2	0	0	No
1	20	1	1	1	0	1	1	1	1	4	61.09	No
2	18	1	0	4	0	1	0	0	6	19	49.36	No
1	19	1	1	4	0	6	0	0	5	21	46.44	Si
2	30	1	0	3	0	5	0	0	4	16	72.44	No
1	25	1	0	3	0	5	0	0	7	22	78.12	No
1	36	1	1	2	0	1	0	1	1	5	0	No
2	26	1	1	2	0	3	0	0	4	27	68.49	Si
2	23	1	0	4	0	7	1	1	5	26	81.26	Si
1	22	1	1	4	0	6	0	0	1	6	48.19	Si
2	26	1	0	3	0	4	1	1	1	5	88.54	Si
2	18	1	0	1	0	2	1	1	5	21	49.8	No
1	24	1	0	3	0	4	1	1	2	21	79.84	Si
2	22	1	0	3	0	4	1	1	6	19	30.74	Si
2	19	1	0	4	0	7	1	1	6	19	46.64	Si
2	19	1	0	3	0	4	1	1	3	13	34.57	Si
2	20	1	0	4	0	7	0	1	4	17	63.79	Si
2	33	1	0	4	0	7	0	1	2	0	0	Si
1	30	1	0	1	0	2	1	1	2	0	0	Si
2	18	1	0	3	0	5	0	0	6	19	55.11	No
1	24	1	0	4	0	7	1	1	2	0	0	Si
2	25	1	0	4	0	7	0	1	2	0	0	Si
2	28	1	0	3	0	5	0	0	2	0	0	Si
1	25	1	1	4	0	6	0	0	2	21	72.33	Si
2	19	1	1	1	0	1	1	1	1	5	56.1	No
2	25	1	1	2	0	1	0	1	1	4	69.02	No
1	26	1	1	2	0	1	0	1	3	24	72.96	No
2	22	1	0	4	0	7	1	1	3	29	65.5	Si
1	23	1	1	2	0	1	0	1	3	29	76.52	No
2	23	1	0	4	0	7	0	1	4	13	56.5	Si
1	21	1	1	2	0	3	0	0	5	21	28.89	Si
2	18	1	0	3	0	4	1	1	6	19	40.78	Si
2	118	1	0	4	0	7	0	1	1	16	0	Si
1	25	1	0	4	0	1	0	0	5	17	37.24	No
1	19	1	0	4	0	7	1	1	6	19	53	Si
2	19	1	1	2	0	1	0	1	3	13	26.55	No
2	24	1	1	2	0	3	0	0	2	16	72.87	Si
2	118	1	0	4	0	1	0	0	5	17	73.2	No
1	118	1	0	3	0	4	1	1	1	10	0	Si
2	34	1	1	4	0	6	0	0	2	0	0	Si
1	21	1	0	3	0	5	0	0	3	12	60.25	No
2	19	1	1	4	0	6	0	0	1	4	50.75	Si
2	118	1	0	4	0	7	0	1	1	0	0	Si
2	27	1	0	4	0	1	0	0	1	3	0	No
2	20	1	0	1	0	2	1	1	4	15	51.33	No
2	23	1	0	4	0	7	1	1	8	20	66.16	Si
1	24	1	1	1	0	1	1	1	5	28	69.67	No
2	44	2	1	2	0	1	0	1	4	16	80	Si
1	21	1	1	2	0	3	0	0	5	14	57.16	Si
2	23	1	1	2	0	1	0	1	6	14	66.29	No
1	23	1	1	1	0	1	1	1	5	23	73	No
1	24	1	0	3	0	5	0	0	1	6	55.14	No
2	25	1	0	1	0	2	1	1	2	16	67.88	No
2	25	1	1	1	0	1	1	1	1	16	86	Si
2	19	1	1	2	0	3	0	0	6	19	43.64	Si
1	28	1	1	2	0	1	0	1	2	25	69.77	No
1	21	1	1	1	0	1	1	1	5	16	79.59	Si
1	22	1	1	2	0	1	0	1	3	29	67.83	No
2	24	1	1	1	0	1	1	1	2	19	60.78	No
1	25	1	1	1	0	1	1	1	4	13	65.79	No
2	23	1	0	4	0	7	0	1	3	24	61.35	Si
2	26	1	0	4	0	7	0	1	2	21	74.85	Si
2	20	1	0	1	0	2	1	1	2	15	72.88	No
1	22	1	0	4	0	7	1	1	5	18	32.14	Si
1	23	1	0	4	0	7	1	1	2	18	62.62	Si
2	19	1	0	4	0	7	0	1	6	19	52.22	Si
1	20	1	1	1	0	1	1	1	6	19	45.7	No
2	19	1	1	2	0	3	0	0	5	21	16.6	Si
2	35	1	1	4	0	6	0	0	2	0	0	Si
2	30	1	0	1	0	2	1	1	2	0	0	Si
2	30	1	0	4	0	7	0	1	2	0	0	Si
2	118	1	1	2	0	1	0	1	1	3	0	No
2	24	1	0	3	0	4	1	1	1	10	82.07	Si
1	20	1	0	3	0	4	1	1	4	15	70.47	Si
1	25	1	0	4	0	7	1	1	5	14	70.89	Si
2	26	1	0	3	0	5	0	0	6	30	16	No
1	19	1	0	4	0	1	0	0	3	18	69.15	No
1	21	1	0	3	0	4	1	1	8	19	74.68	Si
2	19	1	0	3	0	5	0	0	2	0	0	Si
2	23	1	1	2	0	1	0	1	2	0	0	Si
2	37	3	0	3	0	4	1	1	2	0	0	Si
2	35	1	0	3	0	4	1	1	2	0	0	Si
1	35	1	1	4	0	6	0	0	2	0	0	Si
2	32	1	0	3	0	5	0	0	2	3	0	No
1	21	1	1	1	0	1	1	1	2	6	55.08	No
2	21	1	0	3	0	5	0	0	5	28	79.14	Si
1	24	1	0	3	0	5	0	0	7	22	79.83	Si
1	22	1	0	4	0	7	1	1	1	9	67.36	Si
1	118	1	0	3	0	5	0	0	2	3	0	No
1	23	1	1	2	0	1	0	1	5	23	77.33	No
2	19	1	0	4	0	7	1	1	5	17	43	Si
1	23	1	0	3	0	5	0	0	5	26	85.45	Si
2	24	1	1	2	0	1	0	1	1	16	81.02	Si
2	22	1	0	4	0	1	0	0	1	4	65.06	No
2	19	1	1	2	0	3	0	0	6	21	57.22	Si
2	26	1	0	1	0	2	1	1	1	9	48.43	No
2	24	1	0	4	0	1	0	0	3	29	49.86	No
2	20	1	1	2	0	3	0	0	3	12	58.06	Si
1	20	1	0	3	0	5	0	0	4	13	24.44	No
2	22	1	0	4	0	1	0	0	4	12	54.1	No
1	25	1	1	2	0	3	0	0	6	14	62.78	Si
2	25	1	1	1	0	1	1	1	2	0	72.66	No
1	34	1	1	2	0	1	0	1	2	0	0	Si
1	27	1	1	1	0	1	1	1	2	0	0	Si
1	24	1	0	1	0	2	1	1	1	16	81.31	Si
1	20	1	0	4	0	7	0	1	4	23	64.45	Si
2	20	1	0	3	0	5	0	0	5	21	48.33	No
1	22	1	0	4	0	1	0	0	3	9	67.69	No
1	21	1	0	1	0	2	1	1	4	15	59.59	No
1	22	1	1	1	0	1	1	1	3	9	58	No
2	22	1	0	4	0	7	0	1	5	28	71.5	Si
1	18	1	0	3	0	5	0	0	8	26	44.38	No
1	23	1	1	1	0	1	1	1	5	28	69.36	No
1	25	1	0	1	0	2	1	1	1	5	81.98	Si
2	18	1	1	4	0	6	0	0	6	19	45.18	Si
1	118	1	1	2	0	3	0	0	1	5	0	Si
2	25	1	1	4	0	6	0	0	6	16	73.19	Si
2	25	1	0	1	0	2	1	1	5	23	69.68	No
2	118	1	1	1	0	1	1	1	4	19	33.53	No
1	19	1	0	4	0	1	0	0	6	19	52.45	No
2	23	1	0	3	0	4	1	1	1	1	91.82	Si
1	27	1	1	4	0	6	0	0	2	21	72.21	Si
2	25	1	0	4	0	7	1	1	3	24	79.47	Si
1	21	1	1	4	0	6	0	0	2	8	64.5	Si
2	21	1	0	3	0	5	0	0	3	24	59.29	No
1	118	1	1	4	0	6	0	0	1	0	0	Si
2	37	1	1	4	0	6	0	0	1	0	0	Si
1	18	1	0	4	0	1	0	0	5	21	48	No
1	27	1	0	1	0	2	1	1	7	22	75.36	No
1	22	1	1	2	0	1	0	1	4	16	73.78	No
2	19	1	0	4	0	7	0	1	5	21	50.33	Si
2	33	1	1	2	0	1	0	1	4	16	66.61	No
2	22	1	1	2	0	3	0	0	3	12	32.13	Si
1	118	1	0	3	0	5	0	0	1	3	0	No
1	118	1	1	4	0	6	0	0	2	0	0	Si
1	26	1	0	3	0	5	0	0	7	22	73.44	No
2	23	1	0	1	0	2	1	1	1	12	24.05	No
1	22	1	1	4	0	6	0	0	5	16	64.33	Si
2	118	1	0	4	0	1	0	0	1	3	0	No
2	118	1	1	4	0	6	0	0	1	0	0	Si
2	18	1	1	2	0	3	0	0	6	19	51.78	Si
1	22	1	0	3	0	5	0	0	3	24	64.96	No
2	22	1	0	3	0	4	1	1	7	18	69.09	Si
1	24	1	1	2	0	3	0	0	2	16	67.12	Si
1	23	1	0	1	0	2	1	1	7	18	75.57	No
2	24	1	1	2	0	1	0	1	1	16	85.36	Si
2	22	1	0	4	0	7	1	1	2	10	70.9	Si
2	21	1	0	3	0	4	1	1	5	28	78.56	Si
2	23	1	0	3	0	4	1	1	1	9	64	Si
2	19	1	0	3	0	5	0	0	6	19	57.13	No
2	24	1	1	1	0	1	1	1	1	0	80.98	Si
2	18	1	0	3	0	4	1	1	5	21	46.22	Si
1	24	1	1	2	0	1	0	1	3	24	74.41	No
2	20	1	0	3	0	4	1	1	3	12	48.6	Si
2	19	1	1	2	0	1	0	1	3	9	41.64	No
1	19	1	0	1	0	2	1	1	4	15	67.56	No
1	24	1	1	1	0	1	1	1	5	23	53.64	No
2	21	1	0	4	0	7	0	1	1	4	48.5	Si
1	22	1	1	2	0	1	0	1	5	15	33.73	No
1	22	1	1	2	0	1	0	1	5	26	84.02	Si
2	22	1	0	4	0	7	0	1	3	10	62.95	Si
1	34	1	1	1	0	1	1	1	1	5	48	No
2	20	1	1	2	0	3	0	0	5	23	46.31	Si
2	23	1	0	4	0	7	1	1	3	24	63.1	Si
2	25	1	0	4	0	1	0	0	2	21	77.22	No
2	21	1	0	4	0	7	0	1	5	26	84.39	Si
1	23	1	0	3	0	5	0	0	5	26	76.74	No
1	22	1	0	4	0	7	0	1	4	12	54.74	Si
1	23	1	1	2	0	1	0	1	13	52	20.06	No
2	118	1	1	2	0	1	0	1	1	10	0	No
1	21	1	1	2	0	3	0	0	3	12	60.39	Si
1	22	1	1	1	0	1	1	1	2	8	52.33	No
2	22	1	0	4	0	7	1	1	6	31	54.41	Si
2	25	1	1	2	0	1	0	1	4	16	79.53	Si
1	24	1	0	4	0	1	0	0	7	23	38	No
1	21	1	0	4	0	1	0	0	3	12	60.4	No
2	20	1	1	1	0	1	1	1	5	21	59.71	No
1	21	1	0	1	0	2	1	1	3	24	71.96	No
2	21	1	0	4	0	7	1	1	4	15	75.94	Si
2	25	1	1	2	0	1	0	1	3	23	36.93	No
1	22	1	0	4	0	7	0	1	1	4	53.71	Si
1	20	1	0	4	0	7	1	1	3	9	39.7	Si
2	18	1	0	4	0	1	0	0	3	14	48.64	No
1	19	1	0	4	0	7	1	1	6	19	51.91	Si
2	26	1	0	3	0	5	0	0	2	21	73	No
1	18	1	0	3	0	4	1	1	8	26	42.25	Si
1	30	1	0	4	0	1	0	0	7	22	81.33	Si
2	19	1	0	4	0	7	0	1	5	17	37.7	Si
2	23	1	1	2	0	1	0	1	5	16	75.33	No
1	26	1	1	4	0	6	0	0	2	21	76.22	Si
1	118	1	0	3	0	5	0	0	3	80	0	No
2	22	1	1	1	0	1	1	1	5	26	77.41	No
1	28	1	0	4	0	7	1	1	4	15	65.47	Si
1	25	1	1	4	0	6	0	0	2	21	77.3	Si
2	23	1	0	4	0	7	0	1	5	23	71.95	Si
2	24	1	1	1	0	1	1	1	1	5	83.81	Si
1	20	1	0	1	0	2	1	1	3	14	62.52	No
1	17	1	0	4	0	7	0	1	3	13	31	Si
1	28	1	0	4	0	7	1	1	1	10	85.63	Si
2	18	1	0	1	0	2	1	1	6	19	37	No
1	20	1	0	4	0	7	0	1	5	23	64.88	Si
1	21	1	1	2	0	1	0	1	2	7	58.85	No
2	22	1	0	3	0	4	1	1	5	14	77.71	Si
2	27	1	1	2	0	3	0	0	11	42	21.13	Si
1	27	1	0	3	0	4	1	1	4	16	79.67	Si
2	19	1	0	4	0	1	0	0	6	19	46.55	No
1	20	1	1	2	0	3	0	0	3	13	56.19	Si
1	24	1	0	4	0	1	0	0	4	27	58.38	No
2	21	1	1	2	0	3	0	0	4	27	69.74	Si
2	25	1	0	4	0	1	0	0	3	24	67.96	No
2	20	1	1	4	0	6	0	0	3	22	68.76	Si
2	22	1	0	4	0	7	1	1	5	28	70.41	Si
2	21	1	0	4	0	7	1	1	4	17	64.17	Si
2	21	1	1	4	0	6	0	0	4	16	48.36	Si
1	23	1	1	2	0	3	0	0	3	24	66.77	Si
1	19	1	0	3	0	4	1	1	5	27	72.53	Si
1	19	1	1	2	0	1	0	1	6	19	36	No
2	32	1	0	4	0	1	0	0	4	16	75.5	No
1	38	1	0	3	0	5	0	0	2	0	0	Si
1	33	1	1	2	0	1	0	1	2	0	0	Si
